0,        1,         2,         3,         4,         5,         6,         7,         8,         9,         "T"
377,10,-65,126,
317,      322,       326,       286,       257,       206,       276,       342,       328,       238,       0
318,      322,       325,       286,       257,       206,       277,       342,       328,       255,       0
318,      321,       325,       286,       257,       206,       276,       343,       328,       239,       0
317,      321,       326,       285,       257,       206,       277,       342,       328,       259,       0
317,      323,       325,       286,       257,       206,       277,       342,       328,       252,       0
317,      322,       324,       285,       257,       206,       276,       343,       328,       239,       0
317,      322,       325,       286,       257,       206,       277,       342,       328,       248,       0
316,      322,       324,       286,       257,       206,       277,       343,       328,       242,       0
317,      322,       325,       285,       258,       206,       277,       342,       329,       244,       0
316,      321,       325,       286,       257,       206,       277,       342,       328,       243,       0
317,      321,       324,       285,       258,       206,       277,       342,       328,       267,       0
316,      321,       325,       285,       258,       206,       277,       343,       328,       240,       0
317,      323,       325,       285,       258,       206,       277,       343,       329,       248,       0
316,      322,       325,       286,       258,       206,       277,       342,       329,       257,       0
317,      323,       325,       286,       258,       206,       277,       343,       328,       269,       0
317,      322,       325,       286,       259,       206,       278,       343,       329,       252,       0
317,      322,       325,       285,       258,       206,       277,       344,       328,       239,       0
317,      322,       324,       286,       258,       206,       277,       343,       329,       254,       0
317,      322,       326,       286,       258,       206,       277,       343,       328,       260,       0
317,      322,       325,       286,       259,       206,       277,       344,       329,       238,       0
316,      322,       325,       286,       258,       206,       277,       343,       328,       256,       0
317,      322,       326,       285,       258,       206,       277,       343,       329,       259,       45
317,      322,       325,       286,       258,       206,       278,       344,       329,       256,       40
317,      322,       325,       286,       258,       206,       277,       344,       328,       253,       15
317,      322,       325,       286,       258,       206,       278,       343,       329,       256,       35
317,      322,       325,       286,       259,       206,       278,       344,       329,       258,       55
317,      322,       324,       286,       258,       206,       278,       344,       329,       255,       30
317,      322,       325,       286,       258,       207,       278,       343,       329,       245,       -15
318,      322,       325,       287,       259,       206,       278,       344,       329,       259,       70
317,      322,       325,       286,       259,       206,       278,       345,       329,       249,       15
317,      322,       325,       286,       258,       206,       277,       344,       329,       245,       -20
317,      321,       325,       285,       259,       206,       277,       343,       328,       260,       40
317,      322,       325,       286,       259,       206,       277,       345,       329,       244,       -15
317,      322,       325,       286,       259,       206,       278,       345,       329,       241,       -25
318,      321,       325,       285,       259,       206,       278,       344,       330,       262,       75
317,      322,       325,       286,       259,       206,       278,       345,       329,       264,       90
319,      323,       325,       286,       258,       207,       278,       344,       330,       243,       0
317,      322,       325,       286,       258,       206,       279,       345,       329,       242,       -20
317,      322,       325,       287,       258,       206,       278,       345,       329,       259,       65
318,      322,       325,       286,       259,       206,       278,       344,       329,       250,       20
317,      322,       325,       285,       259,       206,       279,       345,       330,       240,       -25
318,      322,       325,       286,       259,       206,       278,       344,       329,       259,       65
318,      323,       325,       286,       259,       206,       278,       344,       329,       251,       30
317,      323,       325,       286,       258,       206,       278,       345,       329,       240,       -30
317,      322,       325,       286,       259,       206,       278,       344,       329,       254,       35
318,      322,       325,       287,       259,       206,       278,       344,       329,       253,       40
318,      323,       325,       286,       259,       206,       278,       345,       330,       254,       55
318,      322,       325,       286,       259,       206,       278,       344,       329,       267,       105
318,      322,       325,       286,       259,       206,       278,       344,       329,       255,       45
319,      323,       325,       286,       259,       206,       278,       345,       329,       259,       80
319,      323,       325,       286,       260,       206,       279,       346,       329,       240,       0
319,      323,       325,       286,       259,       206,       279,       345,       329,       256,       70
319,      323,       325,       286,       259,       206,       279,       345,       330,       255,       70
318,      324,       325,       287,       260,       206,       279,       346,       330,       240,       10
319,      323,       324,       286,       259,       206,       279,       345,       329,       253,       50
319,      323,       325,       286,       259,       206,       279,       346,       330,       263,       115
318,      324,       325,       287,       260,       206,       280,       346,       330,       260,       115
319,      324,       325,       286,       259,       206,       279,       345,       330,       253,       65
318,      323,       325,       286,       260,       206,       279,       346,       330,       257,       85
319,      324,       325,       287,       260,       206,       280,       346,       330,       258,       110
319,      323,       325,       286,       259,       206,       279,       345,       329,       239,       -15
321,      323,       326,       286,       261,       206,       280,       346,       333,       256,       125
319,      325,       326,       287,       261,       206,       281,       346,       333,       257,       140
320,      325,       326,       287,       261,       206,       280,       347,       332,       240,       55
319,      323,       325,       286,       259,       206,       279,       345,       330,       252,       55
321,      324,       326,       287,       260,       206,       280,       346,       331,       258,       130
321,      325,       325,       287,       261,       207,       281,       347,       331,       239,       55
321,      325,       326,       286,       260,       206,       281,       346,       332,       240,       50
320,      324,       325,       287,       260,       206,       280,       347,       332,       256,       120
321,      325,       326,       287,       261,       206,       280,       347,       331,       257,       140
321,      325,       326,       287,       260,       206,       280,       347,       332,       239,       50
321,      325,       326,       287,       260,       206,       281,       347,       332,       251,       115
322,      326,       326,       288,       261,       206,       280,       347,       332,       265,       200
322,      326,       326,       288,       261,       206,       281,       348,       332,       241,       90
321,      325,       326,       287,       260,       206,       281,       347,       331,       256,       135
322,      325,       326,       287,       260,       206,       281,       348,       332,       255,       145
323,      325,       327,       288,       261,       206,       281,       349,       332,       239,       90
322,      325,       327,       287,       261,       206,       282,       347,       332,       259,       175
322,      325,       326,       287,       260,       206,       281,       348,       332,       255,       145
323,      326,       327,       289,       261,       206,       282,       349,       333,       239,       110
323,      326,       327,       288,       261,       206,       282,       349,       332,       240,       105
323,      325,       327,       287,       261,       206,       282,       348,       331,       257,       170
323,      326,       327,       289,       261,       206,       281,       348,       332,       257,       185
323,      326,       327,       288,       260,       206,       281,       348,       332,       239,       85
322,      326,       327,       289,       261,       206,       281,       348,       332,       253,       160
323,      326,       328,       288,       261,       206,       282,       349,       332,       255,       185
323,      326,       328,       289,       261,       206,       282,       349,       333,       239,       115
323,      325,       327,       289,       260,       206,       281,       348,       333,       261,       200
323,      326,       328,       288,       261,       207,       282,       349,       333,       256,       200
323,      326,       328,       289,       261,       206,       283,       349,       333,       241,       130
324,      326,       328,       288,       261,       206,       283,       350,       332,       243,       140
324,      327,       328,       289,       260,       206,       282,       349,       333,       263,       240
325,      326,       328,       289,       261,       206,       283,       350,       333,       243,       155
323,      326,       328,       289,       261,       206,       283,       350,       333,       241,       135
324,      326,       328,       288,       261,       206,       283,       350,       333,       261,       235
325,      327,       328,       289,       261,       206,       283,       350,       333,       249,       190
325,      327,       329,       288,       261,       206,       283,       350,       333,       248,       185
325,      326,       329,       288,       261,       206,       283,       349,       333,       261,       240
324,      327,       328,       289,       261,       206,       284,       350,       333,       248,       185
325,      327,       329,       289,       262,       206,       283,       350,       333,       243,       170
324,      326,       329,       289,       261,       206,       283,       350,       334,       261,       250
324,      327,       329,       289,       262,       206,       283,       351,       334,       255,       235
325,      327,       329,       290,       262,       206,       284,       351,       334,       262,       285
325,      327,       329,       290,       262,       206,       284,       351,       334,       241,       180
325,      326,       329,       289,       262,       205,       283,       350,       333,       262,       255
325,      326,       329,       289,       262,       206,       284,       351,       333,       258,       250
324,      327,       329,       290,       262,       206,       284,       351,       335,       241,       180
325,      328,       328,       290,       262,       206,       284,       350,       334,       257,       255
326,      327,       330,       290,       261,       206,       284,       352,       334,       257,       270
325,      328,       330,       290,       262,       206,       285,       352,       334,       256,       275
324,      327,       329,       290,       262,       206,       284,       351,       334,       259,       265
326,      327,       329,       290,       261,       206,       284,       351,       334,       259,       270
326,      327,       330,       290,       262,       206,       285,       352,       334,       252,       255
326,      327,       330,       290,       261,       207,       284,       351,       334,       260,       285
325,      328,       329,       291,       262,       206,       284,       351,       335,       258,       280
326,      328,       330,       291,       262,       206,       285,       352,       336,       250,       265
325,      327,       330,       290,       262,       206,       285,       352,       334,       252,       250
325,      327,       330,       291,       262,       206,       285,       352,       335,       263,       315
326,      328,       330,       291,       262,       206,       285,       352,       335,       255,       285
325,      327,       330,       291,       262,       206,       285,       352,       335,       246,       230
325,      327,       330,       291,       261,       206,       284,       352,       335,       260,       290
327,      328,       331,       291,       262,       206,       285,       352,       335,       247,       255
327,      328,       330,       291,       262,       205,       286,       352,       335,       246,       245
326,      328,       330,       291,       261,       206,       285,       352,       335,       247,       240
326,      327,       331,       292,       262,       206,       284,       351,       334,       264,       320
327,      328,       331,       292,       262,       207,       285,       353,       335,       249,       280
326,      328,       331,       292,       262,       206,       285,       352,       335,       246,       250
326,      328,       331,       292,       262,       207,       285,       352,       334,       269,       365
327,      328,       331,       292,       262,       206,       286,       353,       335,       243,       250
326,      327,       331,       292,       262,       206,       285,       352,       335,       249,       260
327,      328,       331,       293,       262,       206,       285,       352,       335,       260,       330
327,      328,       331,       292,       262,       206,       286,       353,       335,       244,       255
327,      328,       332,       292,       263,       206,       285,       353,       335,       250,       290
327,      328,       331,       292,       262,       206,       286,       352,       335,       252,       290
327,      329,       332,       293,       263,       206,       287,       354,       336,       241,       275
327,      329,       332,       293,       263,       206,       287,       354,       336,       243,       285
327,      329,       332,       293,       262,       206,       286,       353,       335,       253,       315
327,      329,       333,       292,       263,       206,       286,       353,       335,       261,       360
328,      328,       332,       293,       263,       206,       286,       354,       335,       242,       270
327,      329,       332,       293,       263,       206,       286,       353,       335,       254,       325
328,      329,       332,       294,       262,       206,       286,       354,       335,       257,       350
327,      329,       333,       294,       262,       206,       287,       354,       336,       245,       300
327,      329,       333,       294,       262,       206,       286,       353,       335,       258,       350
327,      329,       333,       293,       263,       206,       287,       354,       335,       259,       365
327,      329,       333,       293,       263,       205,       287,       354,       336,       240,       270
327,      328,       333,       293,       263,       206,       287,       354,       335,       258,       355
328,      328,       333,       294,       262,       206,       286,       354,       336,       258,       360
327,      329,       334,       295,       263,       207,       288,       354,       336,       240,       300
328,      328,       333,       293,       263,       206,       287,       354,       336,       243,       290
327,      330,       333,       295,       262,       206,       287,       354,       336,       260,       385
328,      329,       334,       295,       263,       206,       288,       354,       336,       257,       385
328,      328,       334,       294,       263,       206,       287,       355,       336,       243,       305
327,      329,       334,       294,       262,       206,       287,       354,       335,       260,       375
328,      330,       334,       295,       263,       206,       287,       355,       336,       254,       375
327,      329,       334,       295,       262,       206,       287,       354,       336,       247,       320
327,      329,       334,       294,       262,       206,       287,       354,       336,       263,       395
327,      329,       334,       294,       263,       206,       287,       355,       335,       262,       395
327,      329,       335,       295,       263,       206,       288,       354,       336,       245,       325
328,      329,       334,       295,       262,       206,       287,       354,       336,       242,       300
328,      329,       335,       295,       262,       206,       288,       355,       336,       267,       440
329,      330,       334,       296,       263,       206,       287,       355,       337,       251,       375
328,      329,       335,       295,       262,       206,       288,       354,       336,       245,       325
328,      330,       335,       295,       262,       206,       287,       354,       335,       262,       405
328,      329,       335,       295,       262,       206,       287,       355,       336,       262,       410
328,      330,       335,       296,       263,       206,       288,       354,       336,       244,       335
329,      329,       335,       296,       262,       206,       288,       355,       337,       247,       355
328,      329,       335,       296,       263,       206,       289,       355,       336,       264,       440
329,      329,       335,       296,       263,       206,       288,       355,       336,       250,       370
328,      330,       334,       295,       262,       205,       289,       355,       336,       246,       335
328,      329,       335,       296,       263,       206,       288,       354,       336,       269,       455
329,      329,       336,       297,       263,       206,       288,       356,       337,       247,       375
329,      330,       335,       297,       263,       206,       289,       355,       337,       256,       420
329,      329,       335,       296,       263,       206,       287,       355,       335,       265,       435
329,      330,       336,       297,       263,       206,       289,       356,       336,       261,       450
329,      330,       336,       297,       263,       206,       289,       356,       337,       248,       390
328,      330,       336,       296,       263,       206,       289,       355,       336,       249,       375
329,      330,       336,       297,       262,       206,       289,       356,       336,       264,       460
329,      330,       336,       297,       262,       206,       288,       356,       336,       246,       365
329,      329,       335,       297,       261,       206,       289,       355,       336,       252,       380
329,      330,       336,       297,       262,       207,       289,       355,       336,       265,       465
329,      330,       336,       298,       263,       206,       289,       356,       337,       250,       405
328,      330,       336,       297,       263,       206,       289,       355,       337,       251,       395
330,      332,       337,       298,       266,       206,       290,       358,       343,       261,       540
330,      331,       337,       297,       265,       206,       290,       358,       341,       244,       430
329,      330,       337,       297,       263,       206,       289,       356,       337,       251,       410
329,      331,       337,       298,       263,       206,       289,       355,       339,       260,       470
328,      330,       337,       297,       262,       206,       288,       353,       335,       260,       415
329,      330,       337,       298,       261,       206,       287,       354,       333,       241,       315
327,      328,       337,       297,       259,       206,       286,       352,       329,       254,       310
329,      329,       337,       298,       261,       205,       288,       354,       333,       258,       395
329,      330,       337,       298,       262,       206,       288,       355,       335,       243,       350
328,      329,       336,       298,       262,       206,       288,       355,       335,       267,       455
329,      330,       338,       298,       262,       206,       289,       355,       335,       263,       460
330,      330,       337,       299,       263,       206,       289,       356,       336,       241,       370
329,      330,       338,       298,       262,       206,       289,       354,       337,       244,       370
328,      330,       337,       299,       262,       206,       288,       355,       336,       257,       425
330,      330,       338,       299,       263,       206,       289,       355,       336,       263,       480
329,      331,       338,       299,       262,       206,       289,       355,       336,       242,       370
329,      331,       338,       298,       262,       206,       288,       354,       336,       259,       440
329,      330,       338,       299,       262,       205,       289,       355,       336,       263,       465
329,      331,       338,       299,       263,       206,       289,       356,       336,       241,       375
329,      330,       338,       299,       262,       205,       288,       355,       336,       242,       355
330,      331,       338,       299,       261,       206,       288,       355,       336,       266,       485
330,      331,       339,       300,       263,       206,       289,       355,       336,       258,       470
330,      330,       339,       299,       262,       206,       288,       356,       336,       242,       375
329,      331,       338,       300,       262,       206,       289,       354,       336,       257,       445
330,      331,       338,       300,       263,       206,       289,       355,       336,       256,       455
330,      331,       339,       300,       263,       206,       289,       355,       337,       241,       390
329,      330,       339,       299,       263,       206,       289,       355,       337,       257,       455
329,      331,       339,       300,       262,       206,       289,       356,       336,       256,       455
329,      332,       339,       301,       263,       206,       290,       356,       337,       241,       405
330,      332,       339,       299,       263,       206,       289,       355,       337,       240,       385
329,      331,       339,       300,       262,       206,       290,       355,       336,       260,       475
330,      331,       339,       301,       263,       205,       289,       356,       336,       258,       475
329,      331,       339,       300,       262,       206,       289,       356,       336,       243,       390
329,      331,       340,       300,       262,       206,       289,       356,       336,       260,       480
330,      331,       340,       301,       261,       206,       289,       356,       336,       259,       480
330,      330,       340,       301,       262,       206,       290,       356,       336,       243,       405
330,      330,       340,       300,       262,       206,       289,       355,       336,       258,       465
330,      331,       340,       301,       263,       206,       290,       356,       337,       252,       465
330,      331,       340,       301,       263,       206,       290,       356,       337,       262,       515
331,      332,       340,       301,       263,       206,       291,       357,       337,       250,       475
330,      331,       340,       301,       262,       206,       290,       357,       337,       244,       425
330,      331,       340,       301,       262,       205,       290,       356,       337,       277,       580
330,      331,       340,       301,       262,       206,       290,       356,       336,       254,       465
329,      332,       340,       301,       262,       206,       290,       356,       337,       243,       415
331,      331,       340,       301,       262,       206,       289,       355,       336,       257,       475
330,      331,       340,       301,       262,       205,       290,       356,       337,       253,       460
330,      332,       340,       302,       263,       205,       290,       357,       337,       254,       485
329,      331,       341,       302,       262,       207,       290,       356,       336,       263,       520
330,      331,       341,       302,       262,       206,       290,       355,       336,       262,       510
330,      332,       341,       302,       263,       206,       291,       356,       337,       255,       500
330,      331,       341,       302,       262,       206,       290,       356,       336,       246,       435
329,      331,       341,       302,       262,       206,       290,       355,       337,       257,       485
331,      331,       341,       302,       262,       206,       290,       356,       337,       264,       535
330,      332,       341,       302,       263,       206,       291,       356,       336,       241,       425
330,      331,       341,       303,       262,       206,       290,       355,       337,       257,       495
331,      331,       341,       302,       262,       206,       290,       356,       337,       259,       510
330,      332,       342,       303,       263,       206,       291,       357,       337,       241,       445
330,      331,       341,       303,       262,       206,       291,       355,       337,       243,       430
331,      331,       341,       303,       262,       206,       290,       356,       337,       261,       525
331,      332,       342,       304,       263,       206,       291,       356,       336,       262,       550
331,      332,       342,       303,       262,       206,       291,       356,       337,       244,       455
330,      331,       342,       303,       263,       206,       291,       356,       337,       252,       490
331,      331,       342,       304,       263,       206,       291,       356,       336,       261,       540
330,      332,       342,       303,       263,       206,       291,       357,       337,       246,       470
330,      331,       342,       304,       263,       206,       291,       356,       337,       250,       485
329,      332,       342,       303,       263,       206,       291,       356,       336,       263,       540
331,      332,       342,       305,       263,       206,       291,       357,       337,       250,       505
330,      332,       343,       304,       263,       206,       291,       357,       337,       247,       485
331,      330,       343,       304,       262,       206,       291,       356,       336,       249,       475
330,      332,       342,       304,       263,       206,       291,       356,       337,       267,       575
331,      332,       343,       304,       263,       206,       292,       357,       337,       252,       520
330,      332,       343,       305,       263,       206,       291,       357,       337,       248,       495
330,      332,       343,       304,       262,       206,       291,       356,       337,       244,       460
331,      331,       343,       305,       263,       206,       291,       357,       337,       250,       505
331,      332,       344,       304,       263,       206,       291,       357,       337,       252,       520
331,      332,       343,       304,       262,       207,       291,       356,       337,       244,       470
330,      333,       343,       304,       263,       206,       291,       356,       337,       261,       555
332,      332,       344,       304,       263,       206,       291,       357,       337,       260,       565
331,      332,       344,       304,       263,       207,       291,       357,       337,       242,       475
330,      331,       344,       305,       262,       206,       291,       356,       336,       260,       540
331,      331,       343,       305,       262,       206,       291,       357,       337,       265,       575
331,      332,       344,       305,       263,       206,       292,       357,       337,       241,       475
331,      331,       344,       305,       263,       206,       291,       356,       337,       256,       535
331,      331,       343,       305,       262,       206,       291,       356,       336,       261,       545
331,      332,       344,       305,       263,       206,       291,       357,       337,       261,       570
330,      332,       344,       305,       262,       206,       291,       356,       337,       252,       510
330,      332,       344,       305,       262,       206,       292,       356,       337,       250,       505
330,      333,       344,       306,       263,       207,       292,       357,       337,       263,       595
330,      332,       344,       306,       263,       206,       292,       356,       336,       247,       495
330,      332,       345,       305,       262,       206,       291,       356,       337,       249,       500
331,      332,       344,       305,       263,       206,       292,       357,       337,       262,       580
331,      332,       344,       306,       263,       206,       292,       357,       337,       250,       525
330,      332,       344,       306,       262,       206,       292,       356,       337,       247,       495
330,      332,       345,       306,       262,       206,       291,       356,       337,       262,       570
331,      332,       344,       307,       263,       206,       292,       357,       337,       249,       525
330,      331,       345,       306,       263,       206,       292,       357,       337,       248,       510
330,      332,       345,       306,       262,       206,       291,       356,       337,       265,       585
330,      332,       345,       306,       262,       206,       292,       357,       336,       262,       575
330,      332,       344,       306,       263,       206,       292,       357,       337,       243,       485
330,      332,       345,       306,       262,       206,       292,       357,       337,       243,       485
330,      331,       345,       306,       263,       206,       292,       358,       336,       269,       615
330,      332,       345,       307,       262,       206,       292,       356,       337,       257,       555
330,      332,       345,       306,       262,       205,       292,       357,       338,       247,       505
331,      332,       345,       306,       262,       206,       292,       357,       336,       257,       555
330,      331,       345,       306,       262,       206,       292,       357,       336,       254,       530
330,      332,       345,       307,       263,       206,       293,       357,       338,       244,       510
331,      332,       346,       307,       263,       206,       292,       358,       338,       248,       540
330,      331,       346,       306,       263,       206,       291,       356,       336,       251,       515
331,      331,       346,       307,       263,       206,       291,       356,       337,       264,       595
331,      332,       346,       307,       262,       206,       292,       358,       336,       246,       515
330,      331,       346,       307,       262,       206,       292,       357,       336,       248,       510
330,      332,       346,       308,       262,       206,       292,       356,       337,       268,       620
330,      333,       346,       307,       262,       206,       292,       357,       337,       249,       530
329,      331,       346,       307,       262,       206,       292,       357,       336,       245,       490
330,      332,       346,       307,       262,       206,       292,       356,       336,       244,       490
331,      332,       346,       307,       262,       206,       292,       356,       337,       250,       530
331,      332,       347,       308,       262,       206,       292,       357,       336,       256,       570
330,      332,       347,       308,       261,       206,       291,       355,       336,       243,       480
330,      331,       346,       307,       262,       206,       292,       356,       336,       262,       575
330,      332,       347,       308,       262,       206,       292,       357,       336,       257,       570
330,      332,       347,       309,       262,       206,       292,       357,       337,       242,       505
330,      332,       346,       308,       262,       206,       292,       355,       336,       259,       565
330,      332,       347,       308,       262,       206,       292,       356,       337,       256,       565
330,      332,       347,       308,       262,       206,       293,       356,       337,       241,       495
330,      332,       347,       308,       261,       206,       292,       355,       336,       258,       560
330,      332,       347,       308,       262,       206,       292,       356,       336,       258,       570
331,      332,       347,       308,       262,       206,       292,       357,       336,       242,       500
331,      331,       348,       308,       262,       206,       291,       356,       336,       246,       510
330,      332,       348,       309,       262,       206,       292,       357,       337,       263,       615
331,      333,       347,       309,       262,       206,       292,       356,       337,       251,       555
330,      332,       348,       308,       261,       206,       292,       356,       336,       245,       505
330,      332,       348,       308,       262,       206,       292,       355,       336,       261,       585
331,      332,       348,       309,       262,       207,       292,       356,       336,       254,       570
330,      332,       348,       309,       262,       206,       293,       356,       337,       245,       525
329,      331,       348,       309,       262,       206,       292,       355,       336,       260,       575
331,      332,       348,       309,       262,       206,       292,       356,       336,       261,       600
331,      332,       348,       310,       262,       207,       293,       356,       336,       243,       525
330,      332,       348,       309,       262,       206,       292,       356,       336,       242,       500
330,      332,       348,       310,       261,       206,       293,       356,       337,       260,       600
330,      332,       348,       310,       261,       206,       292,       356,       337,       257,       580
331,      332,       348,       309,       262,       206,       293,       357,       336,       242,       515
330,      331,       349,       309,       262,       206,       293,       356,       336,       258,       585
330,      332,       348,       310,       262,       206,       293,       356,       336,       254,       570
331,      332,       349,       310,       262,       206,       293,       356,       337,       242,       525
330,      332,       349,       310,       262,       206,       293,       356,       337,       242,       520
330,      332,       349,       309,       262,       206,       292,       356,       337,       255,       575
330,      332,       348,       311,       261,       206,       292,       355,       336,       261,       595
330,      332,       349,       311,       262,       206,       293,       357,       337,       245,       545
330,      331,       349,       310,       262,       206,       293,       356,       336,       250,       550
330,      332,       349,       311,       261,       206,       293,       355,       336,       261,       605
331,      332,       350,       311,       262,       206,       293,       356,       337,       246,       555
331,      331,       349,       310,       262,       206,       293,       356,       336,       252,       565
330,      332,       349,       310,       261,       206,       292,       355,       336,       253,       555
331,      332,       349,       311,       262,       206,       293,       356,       337,       248,       560
331,      332,       349,       311,       262,       206,       293,       355,       337,       247,       550
331,      331,       350,       311,       261,       206,       292,       355,       336,       248,       540
330,      333,       350,       311,       262,       206,       292,       355,       336,       263,       625
331,      333,       350,       311,       261,       206,       293,       356,       336,       252,       580
331,      332,       350,       311,       262,       206,       293,       355,       336,       248,       555
330,      333,       350,       311,       260,       206,       292,       355,       335,       251,       550
331,      333,       350,       312,       261,       207,       292,       355,       336,       255,       595
331,      333,       350,       312,       261,       206,       293,       355,       337,       252,       585
331,      332,       350,       311,       261,       207,       292,       354,       335,       245,       525
331,      333,       350,       311,       261,       207,       292,       354,       335,       260,       605
331,      332,       350,       312,       262,       206,       293,       355,       336,       250,       570
330,      332,       350,       311,       261,       206,       292,       356,       336,       250,       555
330,      333,       351,       312,       261,       206,       292,       355,       335,       263,       625
331,      333,       351,       312,       261,       206,       293,       355,       336,       250,       575
330,      333,       351,       312,       261,       206,       293,       355,       336,       245,       545
330,      332,       351,       312,       260,       206,       292,       355,       336,       250,       555
331,      333,       351,       313,       260,       206,       292,       356,       336,       265,       650
331,      333,       351,       312,       261,       206,       293,       355,       336,       247,       560
332,      333,       351,       312,       260,       206,       292,       355,       336,       247,       555
331,      333,       351,       312,       260,       206,       292,       353,       335,       262,       610
331,      333,       351,       313,       260,       206,       292,       354,       336,       254,       585
331,      333,       351,       313,       260,       206,       292,       354,       336,       245,       540
330,      333,       351,       312,       260,       206,       292,       354,       335,       245,       525
332,      333,       352,       313,       260,       206,       293,       354,       336,       263,       645
332,      333,       351,       313,       260,       206,       292,       354,       335,       249,       560
330,      333,       352,       312,       260,       206,       293,       354,       335,       246,       540
331,      333,       352,       312,       260,       206,       292,       354,       335,       264,       630
331,      332,       352,       314,       260,       206,       293,       355,       335,       250,       575
331,      334,       352,       313,       260,       206,       292,       354,       335,       246,       550
331,      333,       352,       313,       260,       206,       292,       353,       335,       273,       675
331,      333,       352,       314,       261,       206,       292,       354,       335,       263,       640
331,      333,       352,       313,       261,       206,       292,       354,       335,       246,       550
331,      333,       352,       313,       259,       207,       293,       353,       336,       249,       565
331,      334,       352,       313,       260,       206,       292,       355,       335,       262,       635
331,      334,       353,       314,       260,       206,       293,       355,       335,       246,       570
331,      333,       352,       313,       259,       206,       292,       354,       335,       253,       575
332,      333,       352,       313,       260,       206,       292,       353,       335,       273,       680
332,      333,       352,       313,       260,       206,       293,       354,       335,       251,       580
332,      334,       353,       314,       260,       205,       293,       354,       335,       247,       570
