0,        1,         2,         3,         4,         5,         6,         7,         8,         9,         "T"
376,10,-64,119,
207,      222,       206,       206,       235,       388,       207,       206,       266,       212,       0
207,      221,       206,       205,       235,       389,       208,       206,       267,       208,       0
207,      221,       206,       205,       234,       388,       208,       206,       266,       209,       0
207,      222,       206,       205,       236,       389,       209,       206,       266,       212,       0
206,      221,       206,       205,       235,       388,       208,       206,       267,       208,       0
207,      222,       206,       205,       235,       388,       208,       206,       267,       213,       0
205,      221,       206,       205,       234,       389,       208,       206,       267,       208,       0
207,      222,       206,       205,       235,       388,       207,       205,       266,       215,       0
206,      221,       206,       205,       235,       388,       208,       206,       267,       209,       0
206,      221,       206,       205,       234,       388,       207,       206,       266,       210,       0
207,      222,       206,       205,       235,       387,       207,       206,       266,       213,       0
207,      222,       206,       205,       235,       388,       209,       206,       267,       211,       0
207,      221,       206,       205,       235,       388,       208,       206,       266,       210,       0
206,      222,       206,       205,       234,       388,       207,       206,       266,       211,       0
207,      222,       206,       205,       235,       389,       208,       206,       267,       210,       0
206,      221,       206,       206,       235,       388,       208,       206,       266,       209,       0
206,      221,       206,       206,       235,       389,       208,       205,       267,       210,       0
207,      221,       206,       205,       236,       389,       209,       206,       266,       210,       0
207,      221,       206,       206,       236,       389,       209,       206,       267,       208,       0
206,      221,       206,       205,       235,       388,       207,       206,       266,       218,       0
207,      221,       206,       205,       235,       389,       207,       206,       266,       213,       0
206,      222,       206,       206,       236,       389,       209,       205,       267,       208,       15
206,      222,       206,       206,       235,       388,       209,       206,       267,       207,       5
207,      221,       206,       205,       235,       388,       209,       207,       266,       213,       30
207,      221,       206,       206,       235,       389,       208,       206,       267,       209,       15
207,      221,       206,       206,       236,       388,       209,       206,       268,       218,       70
207,      221,       206,       206,       235,       388,       207,       206,       266,       212,       15
207,      221,       206,       205,       235,       388,       207,       205,       266,       222,       55
207,      221,       206,       205,       236,       388,       209,       206,       267,       210,       20
206,      221,       206,       205,       236,       388,       208,       206,       267,       207,       -5
207,      221,       206,       205,       234,       387,       207,       206,       266,       213,       5
207,      221,       206,       205,       234,       388,       208,       206,       267,       209,       0
207,      221,       206,       205,       235,       388,       208,       206,       267,       207,       -5
206,      221,       206,       206,       235,       389,       208,       206,       267,       209,       10
207,      221,       206,       205,       235,       389,       208,       206,       267,       214,       35
207,      222,       206,       205,       236,       389,       208,       206,       267,       209,       20
206,      222,       206,       206,       235,       389,       208,       206,       267,       208,       10
206,      222,       206,       205,       235,       388,       208,       206,       267,       213,       25
207,      222,       206,       205,       235,       389,       208,       206,       267,       211,       25
207,      221,       206,       206,       235,       389,       208,       206,       267,       210,       20
207,      222,       206,       206,       235,       389,       208,       205,       267,       220,       70
208,      222,       207,       206,       236,       390,       209,       206,       267,       212,       60
207,      221,       206,       205,       236,       390,       209,       206,       267,       210,       30
206,      221,       206,       205,       236,       391,       208,       206,       267,       209,       20
207,      222,       206,       205,       235,       389,       208,       206,       267,       214,       40
207,      222,       206,       205,       236,       391,       209,       206,       268,       209,       40
207,      221,       206,       205,       236,       391,       209,       206,       268,       208,       30
207,      221,       206,       206,       235,       390,       208,       206,       267,       213,       40
207,      222,       206,       206,       236,       392,       209,       205,       266,       213,       55
207,      222,       206,       206,       236,       391,       208,       206,       268,       208,       35
206,      222,       206,       206,       236,       392,       208,       206,       267,       212,       50
208,      222,       206,       205,       237,       392,       208,       206,       268,       213,       70
207,      222,       206,       206,       237,       393,       210,       206,       268,       208,       60
207,      221,       206,       205,       237,       393,       209,       206,       267,       211,       55
206,      222,       206,       205,       236,       392,       209,       206,       267,       212,       50
207,      222,       206,       205,       237,       393,       210,       206,       267,       211,       65
207,      222,       206,       206,       237,       393,       210,       207,       269,       208,       70
207,      222,       206,       205,       236,       393,       209,       206,       267,       211,       55
207,      222,       206,       206,       236,       393,       209,       206,       267,       211,       60
207,      222,       206,       205,       237,       394,       210,       206,       268,       219,       115
207,      222,       206,       205,       237,       393,       209,       206,       268,       208,       50
206,      222,       206,       205,       237,       394,       209,       206,       267,       212,       65
207,      222,       206,       206,       238,       393,       209,       207,       269,       210,       80
207,      222,       206,       205,       236,       394,       209,       206,       267,       220,       105
207,      222,       206,       206,       236,       394,       209,       206,       268,       213,       80
208,      223,       206,       205,       238,       394,       211,       207,       268,       207,       80
207,      222,       206,       206,       237,       394,       209,       207,       268,       208,       65
207,      223,       206,       205,       237,       395,       210,       206,       268,       213,       95
207,      222,       206,       205,       237,       395,       210,       206,       268,       212,       85
207,      223,       206,       205,       237,       395,       210,       206,       268,       209,       75
207,      222,       206,       206,       237,       395,       210,       207,       268,       210,       85
208,      222,       206,       206,       238,       395,       210,       206,       268,       223,       155
207,      222,       206,       205,       237,       395,       210,       206,       269,       210,       80
207,      222,       206,       205,       238,       395,       211,       207,       268,       211,       95
207,      222,       206,       205,       237,       394,       209,       206,       268,       210,       65
207,      222,       206,       206,       237,       395,       209,       206,       268,       214,       95
208,      222,       206,       205,       238,       395,       210,       206,       268,       210,       85
207,      223,       206,       206,       238,       395,       210,       206,       269,       207,       80
207,      223,       206,       206,       237,       395,       210,       206,       268,       214,       105
207,      223,       206,       206,       238,       395,       210,       206,       268,       215,       115
208,      223,       206,       205,       238,       395,       210,       207,       269,       210,       100
208,      222,       206,       206,       237,       395,       211,       206,       269,       209,       90
208,      222,       206,       206,       237,       395,       210,       206,       268,       214,       105
207,      222,       206,       206,       238,       395,       210,       206,       269,       210,       90
207,      222,       206,       206,       238,       395,       210,       206,       269,       209,       85
208,      222,       206,       205,       238,       394,       210,       206,       268,       213,       95
208,      223,       206,       205,       238,       395,       210,       207,       269,       210,       100
207,      223,       207,       206,       238,       395,       210,       206,       268,       210,       95
207,      222,       206,       205,       237,       395,       209,       206,       268,       209,       65
208,      223,       206,       205,       238,       395,       210,       207,       268,       212,       105
208,      223,       206,       205,       238,       395,       211,       206,       269,       209,       95
208,      222,       206,       205,       237,       395,       210,       206,       268,       211,       85
208,      223,       206,       206,       237,       395,       209,       206,       269,       214,       110
208,      223,       206,       205,       237,       396,       211,       207,       269,       209,       100
208,      223,       206,       206,       238,       395,       210,       206,       268,       209,       90
207,      223,       206,       206,       237,       395,       210,       206,       268,       212,       95
207,      223,       206,       205,       238,       396,       210,       207,       269,       213,       115
208,      222,       206,       205,       238,       396,       210,       207,       269,       208,       90
208,      223,       206,       206,       238,       396,       210,       206,       269,       211,       110
208,      223,       206,       205,       237,       396,       210,       206,       269,       212,       105
207,      223,       206,       206,       237,       397,       211,       207,       269,       208,       100
207,      223,       206,       206,       238,       396,       210,       206,       268,       211,       100
208,      223,       206,       205,       237,       396,       211,       207,       269,       211,       110
207,      223,       206,       206,       239,       396,       211,       206,       269,       215,       135
208,      222,       207,       206,       237,       396,       210,       206,       269,       208,       90
207,      223,       206,       206,       237,       396,       210,       206,       269,       212,       105
208,      223,       206,       206,       238,       397,       210,       207,       269,       210,       115
207,      223,       206,       205,       238,       397,       211,       206,       269,       208,       95
207,      223,       206,       206,       237,       396,       210,       206,       268,       213,       105
207,      223,       206,       206,       238,       397,       210,       207,       269,       215,       135
208,      224,       206,       205,       239,       397,       212,       207,       270,       208,       125
208,      223,       206,       206,       238,       396,       212,       207,       270,       209,       120
207,      223,       206,       206,       238,       397,       210,       206,       269,       214,       125
208,      223,       206,       206,       238,       396,       210,       207,       269,       209,       105
208,      223,       206,       205,       238,       397,       211,       207,       269,       208,       105
208,      223,       206,       205,       238,       396,       210,       207,       269,       213,       120
208,      223,       206,       205,       238,       396,       211,       207,       269,       210,       110
208,      223,       206,       206,       239,       397,       211,       207,       270,       209,       125
208,      223,       206,       205,       238,       396,       210,       206,       269,       208,       90
208,      223,       206,       206,       238,       396,       211,       207,       269,       210,       115
208,      224,       206,       206,       239,       397,       211,       207,       270,       217,       170
207,      223,       206,       206,       238,       396,       210,       207,       269,       208,       95
209,      224,       206,       206,       238,       396,       210,       206,       269,       215,       140
208,      223,       206,       206,       238,       397,       211,       206,       269,       211,       120
208,      223,       206,       206,       239,       396,       211,       207,       269,       211,       125
207,      223,       206,       206,       238,       395,       210,       207,       268,       217,       130
208,      224,       206,       205,       238,       396,       210,       206,       269,       214,       125
208,      224,       206,       206,       239,       396,       211,       207,       270,       210,       130
208,      224,       206,       206,       239,       396,       212,       207,       269,       209,       125
208,      223,       206,       206,       237,       395,       210,       206,       269,       213,       110
208,      223,       206,       205,       238,       395,       211,       207,       269,       211,       110
208,      223,       206,       206,       238,       395,       211,       206,       269,       215,       130
207,      223,       206,       206,       237,       395,       210,       206,       269,       209,       85
208,      223,       206,       205,       238,       396,       211,       207,       270,       217,       150
208,      224,       206,       206,       238,       396,       210,       207,       270,       211,       125
209,      223,       206,       205,       238,       395,       211,       206,       269,       208,       95
208,      223,       206,       205,       238,       396,       211,       206,       269,       209,       100
208,      223,       206,       206,       238,       395,       210,       206,       269,       213,       115
208,      223,       206,       206,       238,       395,       211,       207,       269,       216,       140
208,      223,       206,       206,       238,       396,       211,       207,       269,       211,       120
208,      223,       206,       206,       238,       395,       211,       206,       269,       211,       110
209,      223,       206,       205,       238,       395,       210,       207,       269,       213,       120
208,      224,       206,       206,       239,       396,       211,       207,       270,       209,       125
208,      222,       206,       206,       238,       395,       211,       206,       268,       212,       105
208,      223,       206,       205,       237,       395,       210,       207,       268,       212,       100
208,      224,       206,       206,       239,       395,       212,       207,       272,       211,       145
208,      224,       206,       206,       240,       395,       213,       207,       274,       209,       155
208,      223,       206,       206,       239,       395,       211,       207,       271,       218,       165
208,      222,       206,       206,       236,       394,       210,       206,       268,       211,       80
207,      223,       206,       206,       238,       395,       211,       206,       269,       211,       105
208,      224,       206,       206,       239,       396,       213,       208,       272,       209,       150
208,      224,       206,       206,       238,       394,       210,       206,       270,       208,       95
208,      224,       206,       206,       237,       394,       210,       206,       269,       214,       115
208,      224,       206,       206,       237,       395,       211,       207,       269,       214,       130
208,      224,       207,       206,       238,       394,       211,       207,       269,       209,       110
209,      223,       206,       206,       237,       394,       210,       206,       268,       213,       105
208,      223,       206,       206,       238,       395,       210,       206,       269,       217,       135
208,      224,       206,       206,       238,       395,       211,       207,       269,       214,       135
208,      223,       206,       206,       238,       395,       211,       207,       269,       210,       110
208,      224,       207,       206,       237,       396,       210,       207,       269,       210,       115
208,      224,       206,       206,       238,       396,       211,       207,       270,       213,       140
208,      224,       206,       206,       238,       395,       211,       207,       270,       211,       125
208,      223,       206,       206,       237,       395,       210,       207,       269,       212,       110
208,      224,       206,       206,       237,       395,       210,       206,       269,       215,       125
209,      224,       206,       206,       238,       396,       211,       207,       270,       211,       135
208,      224,       206,       206,       238,       396,       212,       207,       269,       210,       125
208,      223,       206,       206,       238,       396,       210,       206,       269,       215,       130
208,      224,       206,       206,       238,       396,       211,       207,       269,       214,       140
208,      224,       206,       206,       238,       396,       211,       207,       270,       210,       125
208,      224,       206,       206,       239,       396,       211,       207,       270,       210,       130
208,      224,       206,       206,       239,       396,       211,       207,       270,       213,       145
208,      224,       206,       206,       238,       396,       212,       207,       270,       209,       125
208,      224,       206,       206,       238,       396,       212,       207,       270,       212,       140
209,      225,       206,       206,       238,       397,       211,       207,       269,       212,       145
208,      223,       206,       206,       239,       397,       212,       207,       270,       209,       130
208,      224,       206,       206,       239,       397,       212,       207,       269,       212,       145
208,      224,       206,       206,       238,       397,       211,       207,       269,       212,       135
208,      224,       206,       206,       239,       397,       213,       208,       270,       217,       185
208,      224,       206,       206,       239,       398,       212,       208,       271,       209,       150
208,      224,       207,       206,       239,       397,       212,       207,       270,       215,       170
209,      224,       207,       206,       238,       397,       211,       207,       270,       212,       150
208,      224,       206,       206,       240,       398,       212,       207,       270,       209,       145
208,      224,       206,       206,       239,       397,       212,       207,       270,       209,       135
208,      223,       206,       206,       239,       398,       212,       207,       270,       213,       155
208,      224,       206,       206,       238,       398,       211,       207,       269,       211,       135
208,      224,       207,       206,       239,       398,       213,       207,       271,       210,       160
208,      224,       206,       206,       238,       397,       211,       206,       269,       213,       135
208,      224,       207,       206,       238,       398,       212,       207,       270,       211,       150
209,      224,       206,       206,       240,       398,       213,       207,       270,       212,       170
208,      224,       207,       206,       240,       398,       213,       208,       271,       208,       160
207,      224,       206,       206,       238,       397,       211,       206,       269,       215,       140
209,      224,       206,       206,       239,       398,       211,       207,       270,       211,       150
208,      223,       206,       206,       240,       399,       213,       207,       271,       208,       150
209,      224,       206,       206,       239,       398,       212,       207,       270,       209,       145
208,      224,       207,       206,       239,       398,       211,       207,       270,       210,       145
208,      224,       207,       206,       240,       399,       212,       208,       271,       211,       175
208,      223,       206,       206,       239,       398,       211,       208,       271,       208,       135
208,      224,       206,       206,       239,       398,       212,       207,       270,       214,       165
209,      224,       206,       206,       240,       398,       212,       207,       271,       215,       185
208,      224,       206,       206,       240,       398,       212,       207,       271,       208,       145
207,      223,       206,       206,       239,       398,       211,       207,       270,       214,       150
207,      224,       206,       206,       239,       399,       212,       207,       270,       214,       165
209,      225,       207,       206,       240,       399,       213,       208,       271,       210,       185
208,      224,       206,       206,       240,       398,       213,       207,       271,       208,       150
208,      224,       206,       206,       239,       398,       212,       207,       270,       216,       175
209,      224,       206,       206,       239,       398,       212,       208,       271,       210,       160
208,      224,       207,       206,       240,       399,       213,       207,       271,       209,       165
208,      224,       206,       206,       240,       398,       213,       207,       271,       208,       150
208,      224,       206,       206,       239,       398,       212,       207,       270,       209,       140
208,      224,       206,       206,       239,       398,       212,       207,       270,       211,       150
208,      224,       206,       206,       240,       399,       213,       207,       270,       212,       170
208,      223,       206,       206,       239,       398,       212,       207,       271,       208,       135
208,      224,       206,       206,       240,       398,       212,       207,       270,       213,       165
209,      224,       207,       206,       240,       398,       212,       207,       271,       213,       180
209,      225,       206,       206,       239,       399,       213,       207,       271,       208,       160
208,      224,       206,       206,       239,       397,       211,       207,       271,       214,       160
208,      224,       207,       206,       239,       398,       212,       207,       271,       215,       180
209,      225,       206,       206,       240,       399,       212,       207,       271,       211,       175
208,      225,       207,       206,       240,       399,       212,       208,       271,       208,       165
208,      224,       206,       206,       239,       398,       212,       207,       270,       214,       165
209,      224,       206,       206,       239,       399,       212,       208,       271,       211,       170
208,      224,       206,       206,       240,       399,       213,       208,       271,       209,       165
209,      225,       206,       206,       239,       399,       212,       207,       270,       208,       150
208,      224,       207,       206,       239,       398,       212,       207,       271,       210,       155
208,      224,       207,       206,       240,       399,       213,       208,       271,       210,       175
208,      224,       206,       206,       240,       399,       213,       208,       272,       208,       165
208,      223,       206,       206,       239,       399,       212,       207,       270,       213,       160
209,      225,       207,       206,       239,       399,       212,       207,       271,       214,       190
209,      224,       206,       206,       240,       399,       212,       207,       271,       211,       170
209,      225,       207,       206,       240,       399,       213,       207,       271,       208,       170
208,      225,       207,       206,       239,       398,       212,       207,       271,       214,       180
208,      224,       207,       206,       239,       399,       212,       207,       270,       214,       175
208,      225,       207,       206,       240,       400,       213,       208,       271,       210,       185
208,      224,       206,       206,       239,       399,       213,       208,       271,       208,       155
208,      225,       207,       207,       239,       398,       212,       207,       271,       214,       185
209,      225,       206,       206,       239,       399,       212,       208,       271,       211,       175
208,      224,       207,       206,       240,       400,       213,       207,       271,       208,       165
208,      225,       207,       207,       239,       399,       212,       207,       271,       208,       160
208,      225,       206,       206,       239,       399,       213,       208,       271,       214,       190
209,      225,       207,       207,       240,       400,       213,       208,       271,       210,       195
208,      225,       207,       207,       239,       399,       212,       207,       270,       225,       240
209,      225,       206,       206,       240,       400,       213,       208,       271,       210,       185
209,      225,       207,       207,       239,       400,       213,       207,       271,       210,       185
208,      224,       206,       206,       239,       400,       212,       208,       271,       216,       195
209,      224,       206,       207,       240,       401,       213,       208,       272,       214,       215
208,      224,       206,       206,       240,       401,       214,       208,       272,       211,       195
207,      225,       206,       207,       240,       400,       212,       208,       271,       216,       205
209,      225,       207,       207,       240,       401,       213,       207,       271,       224,       265
209,      224,       207,       206,       240,       401,       213,       207,       272,       210,       190
209,      224,       206,       207,       239,       399,       212,       207,       271,       208,       155
209,      224,       206,       207,       240,       400,       212,       208,       272,       224,       255
209,      225,       207,       207,       240,       401,       213,       208,       272,       217,       240
209,      225,       207,       207,       240,       400,       213,       207,       272,       209,       190
209,      225,       207,       207,       240,       401,       212,       208,       271,       224,       265
208,      225,       206,       207,       240,       402,       213,       208,       272,       219,       245
209,      225,       207,       207,       241,       401,       214,       208,       271,       208,       200
209,      225,       207,       207,       240,       401,       214,       208,       272,       209,       205
210,      225,       207,       207,       240,       401,       213,       208,       271,       216,       235
209,      225,       207,       207,       240,       402,       214,       208,       272,       211,       220
208,      225,       207,       207,       240,       401,       213,       208,       271,       209,       190
208,      224,       207,       207,       240,       401,       213,       208,       271,       217,       225
209,      225,       207,       207,       241,       402,       214,       208,       272,       210,       220
209,      225,       206,       206,       240,       401,       213,       208,       272,       211,       200
209,      225,       206,       207,       240,       401,       212,       207,       271,       216,       215
209,      225,       207,       207,       241,       401,       212,       208,       271,       215,       225
209,      225,       207,       207,       240,       401,       213,       208,       272,       210,       205
209,      225,       207,       207,       241,       401,       214,       208,       272,       209,       210
208,      225,       207,       207,       240,       401,       213,       207,       272,       209,       190
208,      224,       206,       207,       241,       402,       214,       208,       272,       214,       225
208,      225,       207,       207,       241,       401,       214,       208,       273,       210,       215
208,      224,       207,       207,       240,       401,       213,       207,       271,       211,       190
208,      225,       207,       207,       240,       401,       213,       208,       271,       217,       230
209,      225,       207,       207,       240,       401,       214,       208,       273,       210,       215
210,      226,       207,       207,       241,       401,       214,       208,       272,       209,       220
208,      225,       207,       207,       240,       400,       212,       207,       271,       216,       210
209,      225,       207,       207,       240,       401,       213,       207,       271,       214,       215
208,      225,       207,       207,       240,       401,       213,       208,       273,       209,       200
208,      223,       207,       207,       240,       400,       213,       208,       272,       211,       190
209,      225,       207,       207,       240,       401,       212,       207,       272,       214,       215
209,      225,       207,       207,       241,       401,       214,       208,       273,       210,       220
208,      225,       207,       207,       240,       401,       213,       208,       272,       213,       215
209,      224,       207,       207,       240,       400,       212,       208,       272,       211,       195
208,      224,       207,       207,       240,       401,       214,       208,       273,       211,       210
209,      225,       207,       207,       240,       400,       213,       207,       272,       212,       205
210,      225,       207,       207,       240,       400,       212,       207,       271,       211,       195
208,      225,       207,       207,       239,       399,       212,       207,       271,       212,       180
210,      225,       207,       207,       241,       400,       213,       207,       272,       212,       215
209,      225,       207,       207,       240,       400,       213,       207,       271,       213,       205
210,      226,       207,       208,       240,       400,       213,       207,       271,       214,       225
210,      225,       207,       207,       241,       400,       214,       208,       271,       214,       230
209,      225,       206,       207,       240,       400,       214,       208,       272,       213,       215
209,      226,       207,       207,       239,       399,       213,       207,       271,       212,       195
208,      225,       207,       207,       240,       400,       212,       207,       271,       213,       195
209,      225,       207,       207,       241,       400,       214,       208,       272,       209,       205
209,      225,       207,       207,       240,       400,       213,       208,       272,       211,       205
208,      225,       207,       207,       240,       400,       214,       208,       272,       214,       220
209,      225,       207,       207,       241,       400,       213,       208,       273,       213,       225
208,      225,       207,       207,       240,       401,       214,       208,       273,       208,       200
209,      225,       207,       207,       240,       400,       213,       207,       271,       214,       210
208,      225,       207,       208,       240,       401,       214,       209,       273,       222,       280
209,      225,       207,       208,       239,       400,       213,       207,       271,       215,       215
209,      225,       208,       208,       240,       401,       214,       208,       272,       211,       225
208,      225,       207,       207,       241,       401,       214,       208,       272,       210,       210
208,      225,       207,       207,       240,       401,       213,       207,       272,       209,       190
210,      225,       207,       207,       240,       400,       213,       208,       271,       214,       220
209,      224,       207,       208,       241,       401,       214,       208,       273,       210,       220
208,      225,       207,       208,       241,       401,       214,       208,       273,       208,       210
208,      225,       207,       208,       240,       401,       213,       208,       273,       212,       220
209,      225,       207,       207,       240,       401,       214,       208,       273,       220,       265
209,      225,       207,       208,       241,       401,       214,       208,       273,       211,       230
209,      225,       207,       208,       240,       401,       214,       208,       272,       210,       215
209,      225,       207,       208,       240,       401,       212,       208,       272,       214,       225
209,      226,       207,       208,       241,       401,       214,       208,       273,       213,       245
209,      225,       207,       208,       241,       401,       214,       208,       272,       211,       225
209,      225,       207,       208,       240,       401,       213,       208,       272,       216,       240
209,      225,       207,       208,       241,       401,       214,       208,       272,       216,       250
209,      225,       207,       208,       241,       401,       214,       208,       273,       209,       220
208,      225,       207,       208,       241,       401,       214,       208,       273,       213,       235
209,      225,       207,       207,       241,       401,       213,       208,       272,       215,       235
208,      226,       207,       208,       241,       402,       214,       208,       273,       210,       230
209,      225,       207,       208,       241,       401,       213,       208,       272,       212,       225
209,      225,       208,       208,       240,       401,       213,       207,       272,       212,       220
209,      225,       207,       208,       241,       401,       214,       208,       273,       215,       250
209,      226,       207,       207,       241,       402,       215,       208,       273,       209,       230
209,      225,       207,       208,       241,       400,       213,       208,       272,       213,       225
209,      225,       207,       208,       240,       401,       214,       209,       273,       213,       240
209,      226,       208,       208,       241,       402,       214,       208,       272,       213,       250
209,      225,       207,       208,       241,       402,       214,       208,       273,       210,       230
209,      226,       207,       208,       241,       401,       214,       207,       272,       209,       215
208,      225,       207,       208,       240,       400,       213,       208,       272,       212,       210
210,      226,       208,       208,       241,       401,       213,       208,       272,       213,       245
208,      225,       207,       208,       240,       401,       214,       208,       273,       208,       205
208,      225,       207,       208,       240,       401,       213,       207,       272,       213,       215
210,      226,       208,       208,       241,       402,       214,       208,       272,       213,       255
209,      225,       208,       208,       241,       402,       214,       208,       273,       208,       225
209,      224,       207,       208,       240,       400,       213,       207,       272,       214,       215
209,      225,       208,       208,       241,       402,       214,       208,       272,       214,       250
209,      226,       208,       208,       241,       401,       214,       208,       273,       210,       235
209,      225,       207,       208,       240,       401,       214,       208,       273,       208,       210
208,      225,       207,       208,       240,       401,       213,       208,       272,       215,       230
208,      225,       207,       208,       241,       402,       214,       209,       273,       214,       250
209,      225,       208,       208,       241,       402,       214,       208,       273,       209,       230
209,      225,       207,       208,       240,       401,       213,       208,       273,       210,       215
209,      225,       208,       208,       240,       402,       213,       208,       272,       215,       245
209,      225,       208,       208,       240,       402,       214,       208,       273,       210,       230
210,      225,       208,       208,       241,       402,       215,       208,       273,       213,       260
209,      225,       208,       208,       240,       401,       213,       208,       273,       208,       210
209,      226,       208,       209,       240,       402,       213,       208,       273,       215,       260
209,      226,       208,       208,       241,       402,       215,       208,       274,       211,       255
208,      226,       208,       208,       241,       402,       214,       208,       273,       209,       230
209,      225,       208,       208,       241,       402,       213,       208,       273,       217,       265
209,      226,       208,       208,       241,       402,       214,       209,       273,       218,       285
209,      225,       208,       208,       241,       401,       214,       208,       273,       213,       245
209,      226,       207,       209,       240,       401,       214,       208,       273,       210,       230
210,      226,       208,       209,       241,       402,       214,       208,       273,       214,       270
209,      226,       208,       208,       241,       401,       215,       209,       273,       210,       245
209,      225,       208,       208,       241,       402,       214,       207,       272,       212,       235
209,      225,       207,       208,       240,       402,       213,       209,       273,       214,       245
209,      225,       208,       208,       242,       402,       215,       208,       273,       209,       240
209,      225,       208,       209,       241,       401,       214,       208,       273,       210,       235
209,      226,       208,       209,       241,       401,       214,       208,       272,       213,       250
209,      226,       208,       209,       240,       401,       213,       208,       273,       214,       250
209,      226,       208,       208,       241,       401,       214,       208,       273,       213,       250
209,      225,       208,       208,       240,       401,       215,       208,       273,       209,       225
209,      226,       208,       209,       241,       401,       213,       208,       272,       217,       265
209,      226,       208,       208,       241,       402,       214,       208,       273,       213,       255
210,      226,       208,       209,       241,       402,       215,       208,       273,       211,       260
209,      226,       208,       209,       240,       401,       213,       208,       272,       216,       255
210,      225,       208,       209,       241,       402,       213,       208,       272,       217,       270
209,      226,       208,       209,       241,       402,       214,       208,       274,       210,       250
209,      226,       209,       209,       242,       402,       215,       208,       273,       209,       255
209,      226,       209,       209,       240,       402,       213,       207,       273,       217,       270
209,      226,       208,       209,       241,       401,       214,       209,       274,       224,       320
209,      226,       209,       209,       241,       401,       214,       208,       273,       211,       250
