0,        1,         2,         3,         4,         5,         6,         7,         8,         9,         "T"
377,10,-60,118,
335,      328,       343,       289,       272,       207,       277,       328,       347,       238,       0
334,      327,       343,       288,       271,       207,       277,       327,       346,       235,       0
335,      328,       343,       289,       271,       207,       277,       327,       346,       241,       0
335,      328,       343,       288,       272,       207,       277,       328,       346,       234,       0
335,      328,       343,       289,       272,       207,       277,       328,       346,       240,       0
334,      328,       342,       288,       271,       207,       278,       327,       347,       233,       0
335,      328,       343,       289,       271,       207,       277,       328,       347,       269,       0
334,      328,       343,       289,       272,       207,       277,       328,       347,       232,       0
334,      327,       343,       288,       271,       207,       276,       327,       346,       249,       0
335,      328,       343,       289,       272,       208,       277,       328,       347,       246,       0
334,      328,       342,       289,       272,       207,       278,       328,       347,       231,       0
334,      328,       342,       288,       271,       207,       277,       327,       346,       244,       0
334,      328,       343,       289,       272,       207,       277,       327,       346,       252,       0
334,      328,       343,       289,       272,       207,       277,       328,       346,       235,       0
334,      328,       343,       288,       271,       207,       277,       328,       346,       237,       0
334,      328,       343,       289,       271,       207,       277,       328,       347,       241,       0
334,      328,       343,       289,       272,       207,       277,       328,       347,       244,       0
334,      328,       343,       288,       271,       207,       277,       327,       346,       248,       0
334,      328,       343,       289,       272,       207,       277,       327,       347,       247,       0
335,      329,       343,       289,       272,       207,       278,       328,       347,       233,       0
334,      328,       343,       289,       271,       207,       277,       327,       347,       241,       0
334,      328,       343,       288,       272,       207,       277,       327,       347,       253,       50
335,      328,       343,       289,       272,       207,       278,       328,       348,       237,       -5
335,      328,       343,       289,       272,       207,       277,       328,       347,       235,       -25
335,      328,       343,       288,       272,       207,       278,       327,       347,       253,       60
336,      329,       343,       289,       271,       207,       277,       328,       347,       245,       30
334,      328,       342,       288,       272,       207,       278,       328,       347,       231,       -55
336,      328,       342,       288,       272,       207,       277,       327,       346,       251,       40
337,      328,       342,       288,       272,       207,       277,       327,       347,       251,       50
336,      329,       343,       289,       273,       208,       278,       329,       347,       233,       -5
336,      328,       343,       288,       272,       207,       278,       328,       347,       267,       140
338,      329,       343,       289,       273,       207,       278,       329,       347,       249,       80
338,      329,       342,       289,       273,       207,       278,       328,       348,       231,       -15
338,      329,       342,       289,       273,       207,       278,       328,       348,       242,       40
339,      329,       343,       290,       274,       207,       278,       330,       348,       256,       140
341,      329,       343,       289,       274,       207,       279,       330,       349,       238,       65
340,      330,       343,       288,       274,       207,       279,       329,       348,       237,       45
342,      330,       343,       289,       274,       207,       279,       329,       349,       254,       150
342,      330,       343,       289,       274,       208,       279,       331,       349,       238,       85
342,      330,       343,       288,       275,       207,       279,       331,       349,       244,       110
342,      331,       342,       289,       275,       207,       279,       331,       349,       253,       160
343,      332,       343,       289,       276,       207,       280,       331,       350,       234,       95
344,      331,       343,       289,       275,       208,       279,       331,       350,       233,       85
345,      332,       343,       289,       276,       207,       280,       332,       351,       248,       185
346,      332,       343,       290,       276,       208,       281,       333,       351,       249,       215
346,      332,       343,       290,       276,       207,       280,       332,       350,       251,       205
347,      332,       343,       290,       276,       207,       281,       332,       351,       254,       235
348,      333,       343,       290,       277,       207,       282,       333,       353,       236,       180
348,      334,       344,       290,       277,       208,       282,       333,       352,       237,       195
348,      333,       343,       290,       276,       207,       281,       333,       352,       253,       250
349,      333,       344,       290,       276,       207,       282,       334,       352,       242,       215
349,      334,       344,       290,       277,       207,       282,       333,       352,       235,       185
350,      334,       344,       290,       277,       207,       281,       333,       352,       251,       265
352,      334,       344,       290,       277,       208,       281,       333,       352,       249,       270
352,      334,       344,       291,       277,       207,       282,       334,       352,       234,       205
351,      334,       344,       291,       277,       207,       282,       334,       353,       245,       260
353,      336,       344,       291,       277,       207,       282,       334,       352,       261,       355
353,      335,       344,       291,       277,       207,       283,       335,       353,       238,       250
353,      335,       345,       291,       277,       207,       283,       335,       353,       238,       255
354,      335,       345,       291,       277,       207,       283,       335,       353,       254,       340
355,      336,       345,       291,       278,       207,       283,       336,       353,       241,       295
355,      335,       345,       290,       278,       208,       283,       336,       353,       233,       250
355,      336,       345,       292,       277,       207,       283,       336,       354,       252,       355
356,      337,       345,       292,       278,       207,       283,       336,       354,       248,       350
357,      336,       345,       291,       277,       207,       283,       335,       353,       233,       255
356,      338,       346,       292,       277,       207,       284,       336,       353,       247,       350
357,      337,       346,       292,       278,       207,       284,       337,       355,       251,       390
359,      338,       346,       292,       278,       207,       284,       337,       355,       234,       320
357,      338,       346,       292,       278,       208,       283,       336,       354,       246,       360
358,      338,       346,       293,       278,       208,       284,       336,       354,       258,       435
359,      339,       346,       292,       278,       207,       284,       337,       354,       236,       330
359,      339,       346,       292,       278,       207,       284,       337,       355,       239,       350
360,      339,       346,       293,       278,       207,       285,       337,       355,       256,       450
360,      339,       347,       293,       279,       207,       285,       337,       356,       242,       395
360,      339,       347,       293,       278,       207,       284,       336,       355,       235,       340
361,      340,       347,       293,       278,       207,       285,       338,       355,       243,       405
362,      340,       347,       294,       279,       207,       285,       338,       356,       234,       380
361,      339,       347,       293,       278,       207,       285,       337,       356,       249,       430
362,      340,       348,       293,       278,       208,       285,       338,       355,       253,       470
363,      341,       348,       294,       279,       207,       286,       339,       355,       236,       410
363,      341,       348,       293,       279,       207,       286,       338,       356,       247,       460
363,      341,       348,       294,       279,       207,       285,       338,       356,       254,       495
363,      341,       347,       294,       279,       207,       286,       339,       357,       237,       420
364,      341,       347,       294,       279,       207,       286,       339,       357,       241,       445
364,      342,       348,       294,       279,       207,       286,       339,       356,       255,       520
365,      343,       348,       295,       279,       207,       287,       340,       357,       242,       485
365,      342,       349,       295,       280,       207,       287,       340,       357,       234,       450
365,      342,       349,       294,       279,       207,       286,       339,       357,       251,       515
366,      343,       349,       295,       279,       207,       287,       340,       357,       252,       545
366,      343,       348,       295,       279,       207,       287,       340,       357,       235,       455
365,      343,       348,       295,       279,       207,       286,       340,       357,       248,       510
367,      343,       349,       296,       279,       207,       287,       339,       357,       253,       555
366,      343,       349,       295,       279,       207,       287,       340,       357,       236,       465
366,      343,       350,       295,       279,       207,       287,       340,       358,       238,       485
367,      343,       350,       296,       279,       207,       287,       340,       357,       256,       580
368,      344,       350,       296,       279,       207,       287,       341,       357,       244,       535
367,      344,       350,       296,       278,       207,       286,       339,       356,       253,       550
367,      344,       350,       296,       278,       208,       286,       340,       356,       259,       590
368,      345,       350,       296,       278,       207,       287,       340,       357,       237,       495
368,      344,       350,       297,       278,       207,       286,       340,       357,       239,       500
368,      344,       350,       296,       278,       207,       286,       340,       356,       253,       560
368,      345,       350,       297,       279,       206,       287,       340,       357,       255,       590
369,      344,       351,       297,       278,       207,       287,       340,       357,       239,       515
369,      345,       351,       297,       278,       207,       286,       339,       356,       267,       645
369,      345,       350,       298,       278,       207,       287,       341,       357,       246,       560
370,      346,       351,       297,       279,       207,       288,       340,       357,       234,       515
369,      345,       351,       298,       278,       207,       286,       340,       357,       252,       585
370,      346,       351,       298,       279,       207,       286,       340,       358,       248,       585
370,      346,       351,       298,       278,       207,       286,       340,       357,       237,       520
370,      346,       351,       298,       278,       207,       287,       340,       356,       247,       570
370,      346,       352,       298,       279,       207,       287,       340,       357,       256,       630
370,      347,       352,       298,       279,       207,       287,       340,       358,       238,       550
370,      346,       352,       298,       278,       207,       287,       340,       357,       240,       545
371,      345,       352,       298,       278,       207,       288,       341,       357,       255,       630
371,      347,       352,       299,       278,       207,       287,       341,       357,       244,       585
370,      347,       352,       299,       278,       207,       286,       340,       357,       235,       525
371,      346,       352,       299,       278,       207,       286,       340,       357,       251,       605
372,      347,       352,       300,       278,       207,       287,       341,       357,       249,       620
372,      348,       353,       300,       277,       207,       287,       340,       357,       252,       635
371,      347,       353,       299,       277,       207,       287,       340,       358,       234,       535
372,      347,       353,       299,       278,       207,       287,       340,       356,       250,       615
372,      347,       353,       300,       278,       207,       287,       340,       357,       251,       630
372,      347,       353,       300,       278,       207,       287,       341,       357,       236,       560
373,      347,       353,       300,       278,       207,       287,       340,       357,       244,       600
372,      349,       353,       301,       278,       207,       287,       340,       357,       256,       670
372,      349,       353,       301,       278,       207,       287,       340,       357,       242,       600
372,      348,       354,       300,       277,       207,       287,       341,       358,       235,       565
372,      348,       354,       300,       277,       207,       287,       340,       358,       248,       625
373,      349,       354,       301,       278,       207,       287,       340,       357,       251,       655
373,      349,       354,       301,       278,       207,       287,       341,       357,       235,       580
372,      348,       354,       301,       278,       207,       287,       340,       357,       248,       630
373,      349,       354,       302,       277,       207,       287,       340,       357,       257,       685
374,      349,       355,       302,       278,       207,       287,       341,       358,       237,       610
373,      349,       355,       301,       277,       207,       287,       341,       358,       238,       600
374,      349,       355,       302,       278,       207,       288,       340,       358,       260,       725
374,      350,       355,       302,       278,       207,       288,       342,       358,       243,       655
374,      349,       355,       302,       278,       208,       287,       341,       358,       239,       625
373,      349,       355,       302,       278,       207,       287,       340,       357,       260,       710
375,      350,       355,       303,       278,       207,       288,       341,       358,       248,       685
374,      350,       355,       303,       278,       207,       288,       342,       358,       234,       615
374,      350,       355,       303,       278,       208,       288,       341,       358,       248,       685
375,      351,       356,       303,       279,       208,       288,       341,       358,       254,       735
375,      351,       356,       303,       279,       207,       288,       341,       359,       237,       650
375,      350,       355,       303,       279,       207,       289,       342,       358,       244,       680
375,      351,       356,       303,       279,       207,       289,       343,       359,       257,       765
376,      351,       356,       304,       279,       207,       289,       342,       359,       245,       710
375,      351,       357,       304,       280,       207,       289,       343,       359,       235,       670
376,      351,       356,       304,       279,       207,       288,       342,       358,       251,       730
376,      352,       357,       304,       279,       207,       289,       342,       359,       258,       785
376,      351,       357,       304,       279,       207,       289,       343,       359,       237,       680
375,      351,       357,       304,       279,       207,       289,       343,       359,       244,       710
376,      352,       357,       304,       279,       206,       289,       343,       359,       257,       780
377,      352,       357,       305,       279,       207,       289,       344,       360,       246,       750
376,      352,       357,       305,       279,       207,       289,       343,       359,       236,       685
376,      352,       358,       305,       279,       207,       289,       342,       359,       250,       755
377,      352,       358,       305,       280,       207,       290,       343,       360,       252,       790
376,      353,       358,       305,       279,       207,       289,       344,       360,       238,       715
376,      352,       358,       305,       279,       207,       289,       343,       359,       262,       820
377,      352,       358,       306,       279,       207,       290,       343,       359,       257,       810
378,      353,       358,       306,       279,       207,       289,       344,       360,       236,       720
378,      353,       358,       305,       279,       207,       290,       343,       359,       235,       705
377,      353,       358,       305,       279,       207,       289,       343,       360,       255,       800
378,      353,       359,       307,       279,       207,       290,       344,       360,       253,       820
377,      353,       359,       306,       280,       207,       290,       343,       360,       243,       760
377,      353,       359,       307,       279,       207,       290,       343,       359,       257,       825
378,      353,       359,       306,       279,       207,       290,       344,       360,       244,       770
379,      354,       359,       306,       279,       207,       290,       344,       359,       240,       755
378,      354,       359,       307,       279,       207,       289,       343,       360,       264,       870
379,      353,       359,       307,       280,       207,       290,       344,       360,       253,       830
378,      353,       359,       307,       280,       207,       290,       344,       361,       236,       745
378,      353,       359,       307,       280,       208,       290,       344,       360,       245,       790
378,      354,       359,       307,       279,       207,       290,       344,       360,       256,       840
379,      354,       359,       307,       280,       207,       290,       344,       361,       241,       780
379,      355,       360,       308,       279,       207,       290,       344,       360,       236,       760
379,      354,       360,       307,       279,       207,       289,       343,       359,       258,       845
379,      354,       360,       308,       279,       207,       290,       343,       359,       253,       830
379,      355,       360,       308,       279,       207,       290,       344,       360,       237,       765
380,      354,       360,       308,       279,       207,       290,       344,       360,       241,       785
379,      355,       360,       308,       279,       207,       290,       343,       359,       255,       845
381,      355,       361,       309,       279,       207,       289,       344,       359,       249,       835
380,      355,       361,       309,       279,       207,       290,       344,       359,       236,       770
380,      354,       361,       309,       279,       207,       289,       343,       359,       250,       825
381,      355,       361,       310,       279,       207,       290,       343,       360,       256,       880
381,      355,       361,       309,       278,       207,       289,       344,       360,       241,       795
381,      355,       361,       309,       278,       207,       289,       342,       360,       237,       765
381,      356,       361,       310,       278,       207,       289,       343,       360,       247,       830
381,      357,       362,       310,       278,       207,       289,       343,       359,       252,       860
381,      356,       362,       310,       278,       207,       289,       342,       359,       249,       835
381,      356,       362,       310,       277,       207,       289,       342,       359,       242,       795
382,      357,       362,       311,       278,       207,       289,       343,       359,       240,       810
382,      357,       362,       310,       278,       207,       289,       343,       359,       245,       830
382,      356,       362,       310,       277,       207,       289,       342,       358,       262,       895
381,      356,       363,       311,       278,       207,       289,       342,       359,       258,       890
383,      357,       362,       311,       278,       207,       290,       343,       359,       237,       805
382,      357,       363,       312,       278,       207,       289,       343,       359,       241,       825
383,      357,       363,       311,       277,       207,       289,       342,       359,       262,       920
384,      357,       363,       311,       277,       207,       289,       343,       359,       249,       865
383,      358,       363,       312,       278,       207,       290,       343,       359,       254,       905
383,      358,       363,       312,       278,       207,       289,       342,       359,       253,       890
383,      357,       363,       312,       277,       207,       289,       342,       359,       257,       900
384,      358,       364,       312,       278,       207,       290,       343,       359,       240,       845
383,      358,       364,       312,       278,       207,       289,       343,       359,       236,       815
384,      359,       364,       312,       278,       207,       289,       342,       359,       252,       900
384,      358,       364,       313,       278,       207,       290,       343,       359,       253,       915
385,      359,       364,       314,       278,       207,       290,       344,       359,       235,       845
384,      358,       364,       314,       278,       207,       289,       343,       359,       242,       860
384,      358,       364,       314,       277,       207,       289,       343,       359,       256,       925
385,      358,       364,       314,       278,       207,       289,       343,       359,       240,       855
385,      360,       365,       314,       278,       207,       290,       344,       360,       244,       905
385,      360,       365,       314,       278,       207,       290,       343,       360,       245,       905
385,      359,       365,       313,       278,       207,       289,       342,       359,       254,       925
384,      358,       365,       314,       278,       207,       289,       343,       359,       254,       925
385,      359,       366,       315,       278,       207,       290,       344,       360,       237,       875
386,      359,       365,       315,       278,       207,       290,       343,       360,       244,       905
386,      359,       366,       314,       277,       207,       289,       343,       359,       256,       950
386,      360,       366,       315,       278,       207,       290,       344,       360,       245,       925
386,      360,       365,       315,       278,       207,       290,       344,       359,       237,       875
386,      360,       366,       314,       278,       207,       290,       343,       359,       248,       925
387,      361,       366,       316,       278,       207,       289,       343,       359,       257,       985
388,      361,       366,       316,       278,       207,       289,       343,       359,       237,       890
387,      360,       367,       315,       277,       207,       290,       343,       358,       241,       895
387,      360,       367,       316,       278,       207,       290,       343,       359,       256,       985
388,      362,       367,       316,       277,       207,       290,       343,       359,       246,       945
388,      361,       367,       316,       277,       207,       289,       342,       359,       239,       895
387,      361,       367,       316,       277,       208,       289,       342,       359,       249,       945
389,      361,       367,       317,       277,       207,       289,       343,       359,       237,       900
388,      361,       367,       317,       277,       207,       289,       343,       359,       240,       910
388,      362,       367,       316,       277,       207,       289,       342,       358,       256,       980
389,      362,       368,       317,       277,       207,       289,       343,       358,       255,       995
389,      362,       368,       317,       278,       207,       290,       343,       359,       234,       905
390,      362,       368,       317,       277,       208,       288,       342,       358,       235,       895
389,      362,       368,       317,       277,       207,       289,       342,       358,       254,       985
389,      363,       368,       318,       278,       207,       290,       343,       359,       257,       1030
390,      363,       368,       318,       277,       207,       289,       343,       359,       240,       940
390,      362,       368,       318,       276,       207,       289,       342,       359,       253,       990
391,      363,       369,       318,       277,       207,       290,       343,       359,       248,       995
390,      363,       369,       318,       277,       208,       290,       343,       359,       236,       935
391,      363,       369,       318,       278,       207,       289,       342,       359,       247,       985
391,      364,       369,       319,       278,       207,       290,       342,       359,       254,       1035
392,      364,       369,       319,       277,       207,       290,       343,       359,       240,       970
391,      363,       369,       319,       277,       208,       289,       343,       359,       240,       960
391,      363,       370,       319,       277,       207,       289,       342,       359,       255,       1030
392,      364,       370,       320,       278,       207,       290,       343,       360,       244,       1010
392,      364,       370,       319,       277,       207,       290,       343,       360,       235,       955
391,      364,       370,       320,       278,       207,       290,       343,       359,       251,       1035
392,      365,       370,       321,       278,       207,       290,       343,       360,       253,       1065
392,      365,       370,       320,       278,       207,       290,       343,       360,       236,       975
391,      364,       370,       320,       278,       207,       290,       343,       359,       243,       995
392,      364,       370,       321,       277,       207,       290,       344,       359,       258,       1080
392,      364,       371,       321,       278,       207,       290,       344,       360,       244,       1025
392,      364,       371,       320,       277,       207,       289,       343,       359,       237,       965
392,      364,       371,       321,       278,       207,       290,       343,       359,       251,       1050
392,      365,       371,       321,       278,       207,       290,       344,       360,       251,       1065
392,      364,       371,       321,       278,       207,       290,       342,       359,       248,       1030
392,      364,       371,       321,       278,       207,       289,       343,       359,       255,       1065
394,      365,       372,       322,       278,       207,       291,       344,       360,       241,       1040
393,      366,       372,       322,       278,       207,       290,       344,       360,       240,       1030
393,      364,       372,       322,       277,       208,       290,       343,       359,       256,       1090
393,      365,       372,       322,       277,       207,       290,       343,       359,       247,       1045
393,      365,       372,       321,       278,       207,       290,       344,       359,       237,       1000
393,      365,       372,       322,       278,       207,       290,       343,       359,       249,       1060
394,      365,       372,       323,       278,       207,       290,       343,       360,       255,       1105
393,      366,       372,       323,       279,       207,       291,       344,       360,       236,       1025
393,      364,       372,       323,       278,       207,       291,       343,       360,       245,       1050
393,      365,       372,       323,       277,       207,       290,       344,       360,       255,       1100
394,      365,       373,       324,       279,       207,       291,       345,       360,       238,       1050
393,      366,       373,       323,       278,       207,       291,       344,       360,       238,       1035
394,      365,       373,       323,       278,       207,       291,       344,       360,       254,       1115
395,      365,       373,       323,       278,       207,       290,       345,       360,       248,       1090
394,      365,       374,       324,       279,       207,       292,       345,       361,       253,       1140
394,      366,       373,       324,       279,       207,       291,       344,       360,       250,       1110
394,      366,       373,       324,       279,       207,       291,       345,       360,       250,       1115
395,      366,       374,       324,       279,       207,       292,       346,       361,       238,       1080
396,      366,       374,       325,       279,       208,       291,       345,       360,       245,       1115
395,      366,       374,       324,       279,       207,       292,       345,       360,       256,       1160
395,      365,       374,       325,       280,       207,       292,       346,       362,       242,       1110
396,      366,       374,       325,       280,       207,       293,       346,       361,       240,       1110
396,      365,       373,       325,       279,       207,       292,       345,       361,       254,       1155
396,      367,       375,       326,       279,       207,       292,       346,       362,       244,       1140
397,      367,       374,       325,       279,       207,       292,       346,       361,       237,       1095
396,      367,       375,       326,       279,       208,       292,       346,       361,       252,       1180
397,      367,       375,       326,       279,       208,       292,       346,       361,       254,       1195
397,      368,       375,       326,       280,       207,       293,       347,       362,       235,       1120
397,      368,       375,       326,       280,       207,       292,       346,       362,       246,       1165
397,      368,       375,       327,       280,       208,       292,       346,       362,       254,       1215
398,      367,       375,       326,       280,       207,       293,       347,       362,       243,       1160
398,      368,       376,       327,       280,       207,       293,       347,       362,       241,       1165
398,      368,       375,       327,       280,       207,       292,       346,       362,       256,       1225
398,      368,       376,       328,       280,       207,       293,       347,       363,       247,       1205
398,      367,       375,       328,       280,       207,       293,       347,       362,       238,       1145
398,      368,       376,       327,       280,       207,       293,       346,       362,       250,       1205
398,      368,       376,       328,       281,       207,       293,       347,       363,       252,       1235
398,      368,       376,       328,       281,       207,       294,       348,       363,       236,       1165
398,      368,       376,       328,       281,       207,       293,       347,       363,       249,       1220
399,      368,       376,       327,       281,       207,       294,       347,       363,       259,       1275
399,      368,       377,       328,       281,       207,       294,       348,       363,       239,       1190
398,      368,       376,       329,       281,       207,       293,       348,       363,       257,       1270
399,      368,       377,       329,       281,       208,       294,       348,       363,       240,       1205
398,      368,       377,       328,       280,       207,       294,       348,       363,       239,       1180
399,      368,       377,       329,       280,       207,       294,       348,       363,       260,       1295
399,      369,       377,       329,       281,       207,       294,       347,       363,       247,       1235
399,      368,       377,       329,       280,       207,       293,       347,       363,       237,       1170
399,      369,       377,       329,       280,       207,       293,       347,       363,       266,       1320
400,      369,       377,       329,       280,       207,       294,       348,       363,       254,       1275
400,      369,       377,       329,       281,       207,       294,       348,       363,       237,       1195
400,      368,       378,       329,       280,       207,       293,       347,       362,       266,       1320
400,      369,       378,       330,       281,       207,       294,       347,       362,       270,       1360
400,      369,       377,       331,       281,       207,       294,       348,       363,       241,       1225
400,      369,       378,       330,       280,       207,       293,       347,       363,       239,       1200
400,      369,       378,       330,       281,       207,       294,       347,       362,       259,       1305
400,      369,       379,       331,       281,       207,       294,       348,       363,       249,       1275
401,      369,       378,       331,       281,       207,       294,       348,       363,       236,       1210
401,      369,       378,       331,       281,       207,       294,       348,       363,       254,       1300
401,      370,       378,       331,       281,       207,       294,       348,       363,       255,       1310
402,      370,       379,       331,       281,       207,       294,       348,       363,       240,       1245
401,      370,       380,       331,       281,       207,       295,       348,       362,       245,       1270
402,      370,       380,       332,       282,       207,       294,       349,       364,       262,       1380
401,      370,       380,       332,       281,       207,       295,       349,       364,       242,       1275
401,      369,       380,       332,       281,       207,       294,       348,       364,       259,       1345
402,      369,       380,       332,       281,       207,       295,       348,       363,       255,       1330
401,      370,       380,       332,       282,       207,       295,       349,       364,       238,       1260
401,      370,       380,       332,       281,       207,       294,       349,       364,       237,       1245
401,      370,       380,       332,       281,       207,       295,       349,       364,       255,       1340
402,      370,       380,       333,       281,       207,       295,       350,       363,       257,       1360
402,      370,       380,       333,       281,       207,       294,       348,       363,       252,       1320
402,      369,       380,       333,       281,       207,       294,       349,       364,       246,       1295
402,      370,       380,       333,       282,       207,       295,       350,       364,       238,       1275
402,      369,       380,       334,       282,       207,       295,       349,       364,       245,       1305
402,      370,       381,       333,       281,       207,       295,       349,       364,       259,       1375
403,      370,       381,       334,       282,       207,       295,       350,       365,       244,       1325
402,      370,       380,       334,       282,       207,       295,       350,       364,       237,       1275
403,      370,       381,       334,       282,       207,       295,       349,       364,       256,       1375
403,      370,       381,       334,       282,       207,       295,       350,       364,       254,       1370
403,      371,       381,       334,       282,       207,       296,       350,       364,       235,       1285
402,      371,       381,       334,       282,       207,       296,       349,       364,       248,       1340
403,      370,       382,       335,       283,       207,       296,       349,       364,       262,       1425
404,      370,       382,       335,       282,       207,       296,       350,       365,       241,       1330
404,      371,       382,       335,       282,       207,       295,       349,       364,       244,       1335
404,      370,       382,       335,       282,       207,       295,       349,       364,       258,       1400
404,      371,       382,       335,       282,       207,       296,       350,       365,       245,       1355
404,      370,       382,       335,       282,       207,       296,       351,       365,       241,       1335
404,      371,       382,       335,       282,       207,       295,       351,       364,       256,       1405
404,      371,       383,       336,       283,       207,       295,       350,       365,       254,       1410
405,      371,       383,       336,       282,       208,       296,       351,       365,       238,       1345
403,      372,       382,       336,       283,       207,       296,       350,       365,       243,       1355
404,      371,       383,       336,       282,       207,       296,       350,       365,       241,       1345
404,      372,       383,       336,       283,       207,       297,       351,       365,       246,       1390
405,      372,       383,       337,       283,       207,       296,       351,       365,       254,       1435
404,      371,       383,       336,       282,       207,       296,       351,       365,       256,       1425
404,      371,       383,       337,       283,       207,       296,       351,       365,       254,       1425
405,      371,       383,       337,       283,       207,       296,       352,       365,       236,       1345
404,      371,       384,       337,       283,       207,       296,       351,       364,       246,       1385
405,      371,       384,       337,       282,       207,       296,       351,       364,       256,       1435
405,      371,       384,       338,       283,       207,       297,       351,       365,       241,       1380
405,      371,       384,       337,       281,       207,       296,       351,       366,       244,       1380
404,      371,       384,       337,       282,       207,       296,       350,       365,       259,       1445
406,      372,       384,       338,       283,       207,       296,       351,       366,       250,       1435
405,      372,       384,       338,       283,       207,       296,       352,       365,       238,       1370
405,      371,       384,       338,       283,       207,       296,       351,       365,       250,       1420
406,      371,       385,       338,       283,       206,       296,       351,       365,       262,       1485
406,      372,       384,       339,       283,       207,       296,       351,       365,       240,       1385
405,      372,       385,       338,       282,       207,       296,       352,       365,       239,       1375
405,      371,       385,       338,       282,       207,       296,       351,       365,       259,       1465
406,      373,       385,       339,       283,       207,       297,       352,       365,       248,       1445
407,      372,       385,       338,       283,       207,       297,       351,       365,       237,       1380
406,      372,       385,       339,       283,       207,       296,       351,       365,       258,       1480
407,      373,       386,       340,       283,       207,       296,       351,       365,       262,       1520
407,      372,       385,       340,       283,       207,       296,       352,       365,       237,       1390
407,      372,       386,       340,       283,       207,       297,       351,       365,       244,       1430
407,      372,       385,       340,       283,       207,       297,       352,       365,       257,       1495
408,      373,       386,       341,       283,       207,       297,       352,       366,       245,       1460
407,      372,       385,       340,       282,       207,       296,       351,       366,       243,       1415
407,      373,       386,       341,       283,       207,       296,       351,       366,       254,       1490
408,      373,       386,       341,       283,       207,       296,       352,       366,       249,       1475
408,      373,       386,       341,       283,       207,       297,       352,       366,       235,       1410
"2024/3/23 12:25:13","","Sec.",17,34,51,68,85,101,118,0,0
0,0,0,0,0,0,0,0,0,0,0,0,0,0,0,0
0,0,0,0,0,0,0,0,0,0,0,0,0,0,0,0
9.566038,9.566038,9.566038,9.566038,9.566038,9.566038,9.566038,9.566038,9.566038,9.566038,9.566038,9.566038,9.566038,9.566038,9.566038,9.566038
11,       11,        11,        9,         8,         6,         9,         12,        12,        7,
11,       11,        12,        9,         9,         6,         11,        13,        12,        7,
12,       12,        13,        10,        10,        7,         8,         12,        12,        8,
13,       13,        12,        10,        11,        7,         10,        13,        14,        8,
12,       12,        13,        10,        9,         6,         9,         11,        12,        7,
13,       12,        12,        9,         9,         8,         11,        13,        13,        8,
13,       13,        14,        11,        10,        7,         10,        12,        12,        9,
12,       11,        12,        9,         9,         6,         11,        13,        13,        7,
13,       13,        14,        11,        9,         5,         9,         11,        12,        9,
12,       11,        12,        10,        9,         5,         8,         12,        13,        8,
12,       11,        12,        9,         9,         7,         11,        13,        13,        8,
12,       12,        12,        10,        8,         5,         9,         11,        13,        9,
12,       12,        12,        10,        8,         6,         10,        12,        13,        8,
11,       11,        11,        8,         8,         6,         10,        13,        14,        7,
11,       11,        12,        9,         8,         5,         10,        11,        12,        7,
13,       14,        14,        11,        10,        7,         10,        12,        13,        8,
12,       12,        12,        9,         9,         6,         9,         12,        13,        9,
12,       11,        12,        9,         8,         5,         9,         12,        14,        10,
11,       12,        12,        10,        10,        6,         9,         11,        12,        7,
14,       14,        11,        9,         8,         5,         9,         12,        14,        9,
13,       12,        12,        10,        9,         7,         9,         12,        13,        8,
12,       11,        12,        11,        11,        8,         11,        13,        13,        8,
12,       12,        14,        12,        11,        8,         9,         11,        12,        7,
14,       14,        14,        11,        9,         5,         9,         13,        14,        9,
12,       11,        12,        9,         8,         6,         10,        12,        12,        8,
12,       11,        11,        9,         8,         6,         9,         11,        13,        7,
11,       11,        12,        10,        10,        7,         11,        11,        12,        6,
12,       11,        12,        10,        9,         8,         11,        13,        13,        8,
14,       13,        13,        9,         8,         5,         10,        13,        14,        10,
12,       11,        11,        9,         9,         6,         9,         11,        13,        7,
13,       13,        13,        10,        9,         6,         9,         12,        14,        9,
11,       10,        11,        10,        10,        5,         9,         11,        12,        7,
14,       13,        13,        10,        9,         6,         9,         12,        14,        8,
12,       12,        12,        9,         9,         8,         11,        13,        13,        8,
12,       12,        12,        9,         9,         6,         10,        13,        14,        9,
12,       12,        12,        9,         8,         6,         11,        13,        14,        8,
12,       12,        13,        11,        11,        8,         11,        13,        12,        7,
11,       11,        11,        9,         8,         6,         10,        11,        12,        7,
13,       11,        12,        9,         9,         5,         9,         11,        13,        8,
11,       11,        12,        9,         9,         6,         10,        11,        12,        7,
12,       12,        12,        9,         10,        6,         9,         12,        12,        9,
13,       12,        13,        11,        9,         6,         9,         11,        13,        7,
13,       11,        12,        10,        9,         7,         9,         11,        13,        7,
12,       11,        12,        10,        8,         5,         10,        11,        12,        7,
13,       12,        12,        9,         8,         6,         9,         12,        14,        9,
12,       11,        13,        10,        9,         5,         9,         11,        12,        7,
12,       11,        12,        9,         9,         6,         9,         13,        15,        10,
11,       11,        11,        10,        9,         7,         9,         11,        13,        6,
14,       14,        13,        10,        9,         6,         10,        12,        13,        8,
11,       11,        11,        10,        10,        6,         9,         12,        13,        8,
13,       13,        13,        10,        9,         6,         9,         11,        13,        7,
13,       12,        12,        9,         10,        7,         11,        13,        14,        8,
14,       14,        11,        9,         8,         5,         9,         11,        12,        9,
12,       12,        13,        10,        9,         8,         11,        13,        13,        8,
12,       11,        12,        10,        10,        8,         11,        13,        14,        7,
15,       15,        16,        12,        11,        5,         9,         12,        13,        9,
13,       12,        11,        11,        10,        7,         11,        13,        13,        9,
12,       12,        13,        10,        10,        6,         11,        12,        13,        8,
15,       13,        14,        11,        9,         6,         10,        13,        14,        9,
16,       14,        15,        12,        11,        7,         11,        12,        13,        10,
13,       13,        14,        12,        11,        7,         10,        12,        13,        8,
14,       12,        13,        10,        9,         6,         10,        12,        13,        8,
13,       12,        12,        9,         8,         5,         9,         12,        12,        9,
12,       11,        12,        10,        8,         5,         10,        13,        13,        7,
13,       12,        12,        10,        9,         7,         11,        12,        12,        8,
13,       12,        12,        9,         8,         5,         9,         12,        13,        7,
15,       14,        15,        12,        11,        7,         10,        12,        14,        9,
13,       12,        12,        11,        9,         5,         10,        12,        13,        8,
14,       12,        13,        10,        9,         5,         10,        12,        13,        9,
15,       13,        13,        11,        10,        6,         10,        13,        15,        10,
12,       11,        12,        9,         10,        7,         11,        13,        13,        7,
13,       12,        12,        9,         9,         6,         11,        12,        12,        7,
13,       12,        13,        11,        9,         5,         9,         12,        13,        8,
13,       11,        12,        9,         9,         5,         11,        12,        12,        8,
14,       13,        14,        11,        9,         6,         9,         12,        13,        8,
14,       12,        13,        10,        9,         5,         10,        12,        14,        7,
13,       12,        11,        10,        10,        7,         11,        14,        14,        7,
14,       13,        12,        11,        10,        7,         10,        13,        14,        9,
15,       14,        14,        11,        10,        7,         10,        13,        13,        8,
14,       13,        13,        12,        10,        7,         10,        12,        14,        8,
14,       13,        13,        10,        9,         6,         9,         12,        13,        7,
13,       11,        12,        9,         8,         5,         10,        12,        13,        7,
16,       15,        15,        11,        10,        7,         10,        13,        14,        9,
13,       12,        12,        10,        10,        6,         9,         11,        12,        7,
13,       12,        13,        11,        9,         6,         10,        12,        13,        7,
13,       12,        12,        10,        11,        8,         11,        13,        13,        8,
13,       12,        13,        11,        10,        7,         11,        13,        13,        7,
16,       15,        14,        11,        10,        6,         9,         12,        14,        10,
15,       14,        15,        11,        11,        7,         10,        13,        14,        9,
14,       12,        12,        9,         9,         6,         10,        13,        14,        7,
14,       13,        15,        12,        10,        7,         10,        13,        12,        9,
13,       11,        12,        10,        11,        8,         9,         11,        12,        8,
16,       15,        14,        11,        11,        7,         11,        13,        14,        9,
13,       12,        12,        10,        8,         5,         11,        13,        14,        8,
14,       13,        12,        10,        9,         6,         9,         12,        13,        9,
15,       13,        14,        11,        11,        7,         10,        12,        12,        9,
14,       12,        12,        10,        9,         7,         10,        12,        13,        8,
14,       14,        15,        11,        11,        7,         11,        13,        12,        9,
13,       12,        12,        10,        9,         6,         12,        14,        14,        8,
13,       11,        12,        9,         9,         5,         9,         13,        12,        7,
12,       11,        13,        9,         9,         5,         9,         13,        15,        10,
15,       14,        13,        11,        10,        6,         10,        12,        13,        10,
15,       14,        12,        9,         9,         5,         10,        14,        15,        10,
14,       13,        13,        11,        9,         5,         10,        11,        13,        8,
14,       12,        12,        11,        9,         6,         10,        13,        14,        8,
13,       11,        12,        9,         8,         5,         10,        12,        14,        9,
16,       15,        15,        10,        8,         5,         9,         12,        13,        9,
13,       12,        12,        10,        10,        7,         9,         12,        12,        7,
15,       12,        12,        10,        9,         6,         10,        13,        13,        7,
16,       15,        15,        12,        11,        7,         10,        12,        14,        10,
13,       12,        12,        11,        9,         7,         11,        12,        13,        8,
15,       15,        14,        12,        11,        7,         11,        13,        12,        8,
12,       12,        13,        10,        9,         6,         9,         12,        13,        6,
13,       12,        13,        11,        9,         5,         9,         11,        13,        8,
13,       12,        13,        11,        11,        6,         9,         11,        12,        7,
14,       13,        13,        11,        10,        6,         10,        12,        14,        8,
15,       13,        13,        10,        9,         6,         11,        13,        13,        9,
15,       14,        13,        10,        9,         6,         10,        12,        12,        9,
13,       11,        12,        9,         9,         6,         9,         12,        13,        7,
14,       13,        13,        10,        9,         7,         9,         13,        13,        8,
14,       12,        12,        10,        10,        8,         11,        13,        13,        9,
16,       15,        16,        12,        11,        7,         11,        12,        13,        8,
14,       11,        12,        9,         9,         7,         10,        12,        13,        7,
15,       13,        13,        10,        9,         6,         10,        11,        13,        9,
16,       16,        15,        13,        11,        7,         9,         12,        14,        9,
13,       12,        12,        11,        9,         6,         9,         12,        13,        7,
13,       12,        12,        10,        10,        7,         12,        12,        12,        7,
14,       13,        13,        10,        9,         6,         10,        12,        14,        8,
14,       13,        13,        10,        9,         6,         10,        14,        14,        10,
16,       15,        15,        12,        8,         5,         9,         13,        14,        9,
16,       15,        14,        11,        10,        6,         10,        13,        15,        9,
17,       15,        14,        11,        12,        9,         11,        14,        15,        11,
13,       12,        13,        11,        11,        8,         11,        12,        12,        7,
13,       12,        14,        12,        11,        6,         10,        12,        13,        7,
14,       13,        12,        11,        9,         6,         9,         13,        14,        9,
13,       12,        11,        10,        9,         6,         10,        11,        12,        7,
13,       13,        13,        10,        9,         6,         9,         13,        13,        7,
15,       13,        14,        10,        11,        7,         11,        13,        14,        9,
15,       13,        13,        11,        9,         5,         10,        13,        15,        9,
15,       13,        13,        10,        9,         7,         10,        13,        14,        8,
13,       13,        15,        12,        10,        7,         10,        12,        13,        8,
14,       12,        12,        10,        9,         7,         12,        14,        13,        9,
16,       15,        15,        12,        10,        7,         10,        13,        15,        9,
14,       12,        12,        10,        9,         7,         11,        14,        14,        8,
14,       13,        13,        11,        11,        8,         11,        13,        13,        8,
16,       15,        15,        12,        10,        7,         9,         12,        14,        9,
15,       14,        15,        9,         9,         5,         9,         12,        12,        8,
15,       14,        15,        12,        11,        6,         9,         12,        13,        9,
15,       14,        15,        12,        9,         5,         9,         12,        12,        9,
15,       13,        12,        10,        9,         5,         10,        13,        14,        9,
14,       13,        13,        10,        9,         7,         12,        14,        15,        8,
14,       13,        13,        10,        9,         7,         9,         12,        14,        8,
14,       12,        12,        10,        9,         8,         11,        14,        14,        8,
14,       13,        13,        11,        9,         6,         10,        12,        13,        7,
13,       12,        12,        10,        10,        7,         10,        12,        13,        7,
14,       13,        13,        10,        9,         6,         10,        12,        13,        9,
13,       12,        12,        11,        10,        7,         11,        12,        12,        7,
14,       13,        13,        10,        9,         6,         9,         12,        12,        9,
15,       14,        13,        10,        9,         6,         9,         13,        13,        9,
15,       14,        13,        10,        9,         6,         10,        12,        13,        7,
13,       13,        13,        10,        10,        5,         9,         11,        13,        7,
14,       13,        12,        10,        9,         5,         10,        12,        13,        8,
14,       12,        12,        10,        9,         6,         10,        12,        12,        9,
13,       12,        13,        10,        8,         6,         10,        12,        12,        7,
14,       12,        13,        12,        9,         6,         9,         12,        13,        7,
13,       12,        12,        10,        9,         5,         11,        14,        15,        9,
16,       14,        14,        11,        9,         5,         10,        14,        14,        9,
13,       12,        12,        10,        8,         6,         9,         13,        15,        10,
15,       15,        15,        12,        8,         5,         9,         11,        12,        9,
15,       14,        16,        13,        11,        7,         11,        12,        14,        8,
15,       13,        14,        11,        9,         7,         11,        13,        14,        9,
14,       14,        12,        11,        9,         6,         9,         12,        13,        9,
13,       12,        12,        10,        8,         6,         10,        13,        12,        6,
16,       15,        12,        10,        9,         5,         9,         13,        14,        9,
15,       13,        13,        11,        9,         5,         11,        14,        15,        10,
16,       13,        14,        12,        11,        7,         10,        12,        14,        9,
14,       12,        13,        12,        11,        8,         9,         12,        13,        7,
15,       13,        13,        10,        9,         5,         11,        14,        15,        9,
14,       12,        12,        10,        9,         7,         12,        13,        14,        8,
14,       12,        12,        10,        9,         5,         10,        12,        13,        7,
14,       12,        12,        10,        9,         5,         10,        12,        13,        7,
14,       12,        13,        10,        9,         7,         10,        12,        13,        8,
15,       13,        13,        11,        9,         7,         10,        13,        14,        8,
14,       12,        13,        10,        10,        7,         11,        14,        13,        8,
15,       13,        13,        10,        8,         6,         9,         12,        14,        8,
14,       12,        13,        11,        10,        7,         11,        13,        13,        8,
13,       12,        14,        12,        11,        8,         11,        14,        13,        7,
14,       12,        13,        10,        10,        7,         11,        14,        13,        8,
14,       12,        12,        10,        10,        8,         12,        15,        14,        8,
15,       13,        16,        12,        11,        7,         10,        13,        14,        8,
17,       15,        15,        12,        10,        6,         11,        13,        14,        10,
17,       15,        13,        10,        9,         6,         9,         14,        14,        10,
14,       12,        12,        10,        9,         6,         11,        12,        13,        7,
17,       15,        15,        10,        8,         5,         10,        12,        14,        9,
15,       14,        14,        11,        10,        6,         10,        12,        13,        8,
17,       15,        15,        12,        9,         6,         9,         13,        14,        10,
17,       16,        13,        10,        8,         5,         9,         11,        14,        10,
15,       14,        13,        11,        9,         5,         10,        12,        13,        9,
14,       13,        14,        11,        9,         6,         10,        12,        13,        7,
13,       12,        12,        10,        9,         7,         11,        14,        15,        9,
14,       14,        14,        11,        9,         6,         10,        12,        13,        7,
14,       13,        13,        10,        9,         5,         9,         12,        13,        8,
14,       13,        13,        11,        9,         6,         10,        12,        12,        8,
14,       13,        13,        11,        10,        7,         10,        12,        12,        8,
17,       16,        16,        10,        8,         5,         9,         13,        13,        9,
14,       12,        13,        11,        8,         5,         11,        14,        15,        9,
17,       15,        15,        12,        8,         5,         9,         13,        15,        10,
14,       12,        13,        12,        11,        8,         11,        14,        14,        7,
14,       13,        13,        11,        10,        6,         9,         12,        12,        7,
14,       14,        12,        11,        9,         5,         9,         12,        13,        8,
14,       12,        13,        11,        9,         6,         10,        13,        12,        8,
14,       13,        13,        10,        9,         6,         10,        12,        12,        8,
15,       12,        13,        12,        11,        8,         11,        13,        14,        8,
14,       13,        12,        11,        9,         7,         11,        14,        15,        9,
17,       15,        16,        10,        9,         5,         9,         12,        14,        10,
17,       16,        16,        13,        11,        7,         10,        13,        14,        8,
15,       13,        13,        10,        10,        7,         12,        14,        14,        8,
13,       13,        13,        11,        9,         5,         11,        12,        12,        8,
15,       14,        14,        11,        10,        7,         11,        13,        14,        9,
15,       13,        13,        10,        9,         5,         10,        12,        14,        8,
15,       13,        14,        11,        10,        7,         11,        13,        14,        7,
15,       13,        14,        11,        10,        6,         9,         12,        14,        9,
15,       15,        13,        11,        9,         6,         11,        13,        14,        9,
15,       13,        13,        10,        9,         6,         11,        12,        13,        8,
14,       13,        13,        10,        8,         6,         10,        14,        14,        8,
14,       13,        13,        11,        9,         6,         9,         12,        12,        7,
14,       13,        14,        11,        9,         6,         10,        13,        13,        8,
14,       13,        13,        11,        9,         7,         11,        14,        15,        9,
13,       12,        12,        11,        10,        7,         12,        14,        12,        8,
16,       14,        14,        10,        9,         6,         9,         12,        13,        7,
15,       13,        13,        10,        9,         6,         11,        12,        12,        8,
14,       14,        15,        13,        11,        7,         11,        13,        13,        8,
15,       13,        13,        11,        10,        7,         10,        12,        13,        8,
16,       14,        16,        13,        11,        7,         11,        13,        14,        9,
16,       14,        15,        12,        9,         6,         9,         12,        13,        9,
15,       15,        15,        11,        9,         6,         10,        12,        13,        8,
16,       14,        14,        12,        10,        6,         10,        13,        15,        9,
17,       16,        15,        12,        8,         5,         9,         12,        14,        9,
14,       12,        13,        10,        9,         7,         11,        12,        13,        8,
16,       13,        13,        11,        8,         5,         10,        14,        14,        8,
15,       14,        16,        12,        10,        7,         10,        12,        13,        8,
14,       12,        15,        12,        9,         5,         10,        12,        13,        7,
15,       12,        13,        11,        8,         5,         11,        13,        13,        8,
15,       13,        13,        11,        9,         8,         11,        14,        14,        7,
14,       14,        14,        11,        10,        6,         10,        12,        14,        8,
16,       15,        15,        13,        10,        6,         10,        12,        13,        10,
14,       13,        13,        11,        10,        7,         12,        14,        13,        6,
14,       13,        13,        10,        9,         7,         11,        12,        13,        7,
15,       13,        14,        11,        9,         6,         10,        12,        14,        9,
15,       15,        15,        13,        10,        6,         9,         11,        13,        8,
16,       14,        14,        12,        9,         6,         10,        12,        13,        8,
14,       13,        12,        10,        9,         5,         10,        12,        13,        7,
14,       13,        13,        11,        8,         7,         11,        14,        14,        7,
14,       13,        14,        13,        10,        8,         10,        13,        13,        8,
14,       12,        12,        10,        8,         5,         9,         12,        14,        10,
16,       14,        14,        13,        10,        6,         10,        13,        14,        8,
16,       13,        14,        11,        9,         5,         10,        13,        13,        8,
16,       13,        15,        12,        10,        7,         10,        13,        14,        9,
14,       12,        13,        10,        8,         6,         10,        12,        12,        8,
17,       15,        15,        12,        9,         5,         9,         12,        14,        9,
14,       12,        13,        11,        9,         6,         11,        14,        15,        9,
14,       13,        13,        11,        11,        8,         11,        13,        14,        8,
14,       13,        13,        12,        10,        8,         12,        14,        14,        8,
16,       15,        14,        11,        11,        7,         11,        14,        14,        9,
14,       12,        13,        10,        11,        7,         11,        14,        13,        9,
17,       16,        16,        13,        9,         5,         9,         12,        13,        8,
14,       13,        13,        11,        9,         7,         10,        13,        13,        7,
15,       14,        14,        11,        9,         5,         10,        14,        15,        10,
15,       12,        13,        11,        10,        7,         11,        13,        13,        9,
16,       15,        14,        11,        9,         5,         10,        13,        13,        10,
15,       13,        13,        11,        8,         5,         10,        12,        14,        8,
14,       13,        13,        12,        10,        8,         11,        13,        13,        7,
15,       14,        15,        13,        10,        6,         11,        13,        14,        8,
16,       14,        14,        11,        9,         5,         10,        13,        13,        9,
15,       13,        13,        11,        9,         6,         11,        14,        14,        9,
15,       13,        13,        11,        9,         6,         11,        12,        13,        7,
15,       14,        14,        13,        11,        8,         11,        13,        13,        8,
13,       12,        14,        13,        11,        7,         11,        14,        14,        8,
16,       14,        14,        13,        11,        7,         10,        13,        14,        9,
16,       14,        14,        12,        10,        6,         10,        12,        12,        7,
14,       12,        13,        11,        9,         6,         10,        13,        13,        8,
15,       14,        14,        10,        9,         5,         10,        12,        13,        8,
14,       12,        13,        10,        10,        7,         11,        14,        13,        8,
15,       13,        13,        11,        9,         5,         10,        12,        12,        7,
16,       14,        15,        11,        10,        7,         11,        13,        14,        9,
14,       13,        14,        12,        9,         6,         10,        12,        13,        7,
18,       16,        16,        13,        11,        7,         11,        13,        14,        9,
15,       14,        16,        14,        11,        8,         11,        13,        14,        8,
18,       16,        16,        13,        11,        7,         11,        13,        14,        9,
16,       13,        14,        12,        10,        6,         10,        13,        14,        8,
14,       12,        13,        11,        8,         6,         11,        14,        15,        9,
15,       13,        14,        12,        9,         6,         10,        12,        13,        8,
15,       13,        13,        11,        9,         6,         10,        12,        13,        7,
15,       13,        13,        11,        9,         5,         10,        13,        13,        9,
15,       14,        15,        12,        9,         6,         10,        12,        13,        8,
15,       14,        15,        13,        10,        6,         10,        12,        13,        8,
15,       14,        14,        11,        10,        7,         11,        13,        13,        8,
16,       14,        14,        11,        9,         5,         10,        13,        15,        9,
15,       13,        13,        11,        9,         8,         11,        14,        14,        8,
14,       13,        14,        13,        11,        8,         11,        14,        13,        8,
15,       14,        15,        13,        11,        7,         10,        12,        13,        8,
16,       14,        15,        12,        10,        7,         14,        16,        15,        9,
16,       16,        14,        12,        9,         7,         11,        14,        15,        9,
14,       13,        13,        11,        10,        8,         11,        14,        14,        7,
18,       16,        16,        13,        11,        7,         10,        13,        15,        9,
18,       16,        16,        13,        10,        7,         10,        13,        14,        10,
18,       17,        16,        14,        11,        7,         11,        13,        15,        11,
16,       14,        14,        12,        9,         6,         10,        12,        13,        7,
15,       13,        14,        11,        9,         6,         10,        14,        14,        8,
15,       13,        13,        11,        10,        8,         11,        13,        14,        8,
15,       15,        16,        14,        12,        8,         11,        14,        14,        8,
15,       15,        16,        14,        11,        7,         10,        13,        13,        8,
15,       14,        13,        11,        9,         6,         10,        13,        12,        9,
17,       16,        15,        13,        10,        7,         10,        14,        15,        10,
14,       13,        13,        11,        10,        7,         11,        14,        13,        7,
14,       14,        15,        13,        10,        7,         9,         12,        13,        8,
15,       13,        13,        11,        8,         5,         9,         12,        13,        8,
17,       16,        16,        13,        10,        7,         11,        12,        13,        8,
14,       13,        13,        11,        10,        7,         12,        14,        14,        9,
15,       12,        13,        13,        11,        8,         12,        12,        13,        8,
14,       13,        14,        11,        9,         7,         12,        14,        14,        8,
13,       13,        13,        11,        9,         5,         11,        12,        13,        7,
14,       13,        14,        11,        8,         6,         11,        13,        15,        10,
14,       12,        13,        12,        9,         6,         10,        12,        13,        8,
15,       13,        13,        11,        9,         6,         11,        14,        15,        9,
15,       13,        13,        11,        10,        6,         11,        12,        14,        8,
16,       15,        16,        13,        11,        6,         10,        13,        13,        8,
18,       15,        15,        13,        9,         5,         9,         13,        15,        9,
14,       13,        13,        11,        8,         5,         11,        12,        12,        8,
17,       16,        16,        13,        11,        6,         9,         12,        14,        9,
16,       15,        16,        11,        9,         6,         9,         12,        13,        7,
16,       14,        14,        12,        9,         5,         10,        13,        14,        8,
15,       15,        16,        12,        9,         6,         9,         13,        13,        8,
14,       13,        13,        11,        9,         5,         11,        13,        13,        6,
14,       13,        14,        12,        11,        7,         11,        13,        13,        8,
14,       13,        13,        11,        10,        7,         12,        12,        13,        8,
14,       13,        13,        12,        11,        5,         10,        12,        12,        7,
16,       15,        16,        13,        10,        6,         11,        13,        12,        8,
14,       13,        13,        11,        9,         7,         10,        12,        13,        8,
14,       12,        13,        11,        9,         5,         12,        14,        12,        7,
17,       16,        16,        14,        11,        5,         10,        12,        13,        8,
17,       15,        15,        12,        10,        6,         10,        13,        15,        10,
16,       16,        16,        14,        11,        7,         9,         12,        13,        8,
16,       15,        15,        14,        11,        7,         11,        14,        14,        8,
17,       16,        16,        14,        11,        7,         11,        13,        14,        8,
14,       13,        14,        12,        10,        6,         10,        12,        13,        7,
18,       16,        13,        11,        8,         5,         9,         12,        13,        9,
15,       13,        13,        11,        9,         6,         9,         12,        15,        7,
17,       16,        13,        11,        9,         5,         10,        12,        13,        9,
16,       13,        14,        11,        9,         6,         10,        13,        13,        8,
16,       14,        16,        11,        9,         5,         10,        13,        12,        8,
15,       13,        14,        11,        9,         5,         10,        12,        13,        9,
14,       12,        14,        11,        9,         6,         10,        12,        12,        8,
15,       14,        15,        12,        10,        6,         10,        13,        13,        8,
15,       14,        16,        13,        11,        6,         10,        12,        13,        7,
15,       13,        13,        12,        10,        8,         12,        14,        14,        9,
14,       13,        14,        11,        9,         6,         10,        12,        12,        8,
15,       13,        14,        11,        8,         6,         10,        13,        13,        6,
14,       13,        13,        11,        8,         5,         10,        12,        12,        7,
14,       12,        13,        11,        9,         6,         11,        12,        12,        8,
15,       13,        14,        12,        9,         5,         9,         13,        13,        8,
18,       16,        16,        13,        10,        7,         10,        12,        14,        9,
16,       13,        13,        12,        11,        8,         12,        14,        14,        9,
15,       14,        15,        13,        10,        5,         10,        13,        14,        8,
18,       16,        17,        14,        9,         5,         10,        12,        13,        8,
17,       16,        17,        14,        11,        7,         11,        12,        13,        9,
15,       14,        15,        12,        11,        7,         12,        14,        14,        8,
15,       13,        14,        11,        9,         7,         11,        12,        13,        7,
15,       13,        13,        12,        10,        6,         10,        12,        13,        7,
17,       15,        15,        12,        9,         6,         10,        13,        14,        9,
16,       14,        15,        13,        10,        7,         10,        13,        14,        8,
15,       13,        13,        11,        9,         6,         11,        14,        13,        7,
18,       16,        16,        13,        11,        5,         10,        12,        14,        10,
16,       14,        14,        12,        8,         6,         10,        12,        15,        8,
16,       13,        14,        12,        8,         5,         10,        13,        13,        7,
16,370,125,          13,225,123,           14,215,124,           12,260,125,           8,55,114,             5,5,4,                10,100,117,           13,120,119,           13,100,120,           7,140,104,
7,9,2,3,0,6,8,1,4,5,-1,-1,-1,-1,-1,-1,1
""
9024
