0,        1,         2,         3,         4,         5,         6,         7,         8,         9,         "T"
377,10,-59,118,
350,      334,       278,       259,       281,       204,       234,       303,       301,       258,       0
351,      335,       279,       259,       282,       205,       234,       304,       303,       243,       0
350,      334,       278,       258,       281,       204,       233,       302,       301,       260,       0
350,      334,       278,       258,       281,       204,       233,       302,       300,       248,       0
350,      333,       278,       258,       281,       205,       233,       302,       300,       240,       0
350,      334,       278,       258,       281,       205,       233,       302,       300,       258,       0
350,      334,       278,       259,       281,       205,       234,       302,       300,       247,       0
349,      333,       278,       258,       280,       205,       233,       302,       300,       264,       0
349,      333,       278,       259,       281,       204,       234,       303,       301,       252,       0
349,      334,       277,       258,       281,       204,       234,       302,       301,       240,       0
349,      333,       278,       258,       279,       204,       232,       301,       299,       251,       0
350,      333,       278,       259,       280,       204,       234,       302,       300,       244,       0
349,      333,       278,       258,       280,       204,       233,       302,       300,       241,       0
349,      333,       278,       259,       279,       204,       233,       301,       299,       261,       0
350,      334,       277,       259,       280,       204,       233,       302,       300,       239,       0
350,      333,       278,       259,       280,       203,       232,       301,       299,       245,       0
349,      334,       278,       259,       279,       205,       232,       301,       298,       259,       0
350,      334,       277,       259,       279,       205,       233,       301,       299,       260,       0
350,      334,       277,       258,       279,       204,       232,       302,       300,       240,       0
349,      333,       277,       258,       279,       204,       232,       301,       298,       243,       0
349,      333,       277,       258,       278,       204,       232,       302,       298,       259,       0
350,      333,       277,       259,       279,       205,       233,       301,       298,       259,       40
350,      333,       278,       258,       279,       204,       233,       301,       298,       251,       -5
350,      333,       277,       258,       279,       204,       233,       301,       299,       261,       45
351,      334,       277,       258,       280,       204,       234,       302,       300,       249,       15
351,      334,       278,       259,       280,       205,       233,       302,       300,       239,       -25
351,      334,       278,       258,       279,       204,       234,       301,       300,       259,       60
351,      334,       278,       259,       280,       203,       233,       302,       300,       261,       75
352,      335,       278,       259,       280,       205,       234,       302,       300,       248,       35
352,      335,       277,       258,       280,       204,       233,       303,       300,       240,       -20
352,      335,       278,       259,       280,       204,       234,       302,       300,       258,       80
353,      334,       278,       259,       281,       204,       234,       303,       300,       246,       30
352,      336,       278,       259,       281,       204,       234,       303,       302,       242,       25
352,      335,       278,       258,       281,       204,       234,       302,       302,       255,       75
353,      335,       279,       260,       281,       204,       234,       302,       300,       259,       105
352,      335,       278,       259,       281,       205,       234,       303,       300,       243,       20
353,      334,       277,       259,       280,       204,       233,       302,       299,       241,       -20
353,      335,       278,       259,       281,       205,       234,       302,       300,       260,       105
354,      335,       278,       259,       282,       204,       235,       303,       300,       250,       70
353,      335,       278,       259,       282,       204,       234,       303,       300,       246,       40
353,      335,       278,       259,       281,       205,       235,       303,       300,       258,       105
355,      336,       279,       259,       282,       204,       234,       303,       301,       255,       110
354,      336,       279,       259,       282,       205,       235,       304,       301,       243,       60
355,      335,       278,       259,       282,       205,       235,       304,       301,       249,       85
355,      336,       278,       259,       282,       204,       235,       304,       301,       259,       135
355,      336,       279,       259,       283,       204,       236,       304,       302,       242,       70
355,      336,       278,       259,       283,       205,       236,       304,       301,       253,       120
355,      336,       279,       260,       283,       204,       236,       305,       301,       261,       170
356,      337,       279,       259,       283,       204,       236,       305,       302,       247,       110
357,      337,       278,       259,       282,       204,       235,       304,       302,       265,       185
357,      337,       278,       259,       283,       205,       236,       304,       302,       257,       160
358,      337,       279,       260,       284,       204,       237,       306,       302,       245,       130
357,      337,       279,       259,       283,       204,       237,       305,       302,       250,       135
357,      337,       278,       259,       283,       204,       236,       305,       302,       258,       165
358,      338,       279,       259,       284,       205,       237,       306,       302,       256,       190
358,      338,       279,       260,       284,       205,       237,       307,       303,       243,       140
358,      338,       279,       259,       283,       204,       236,       306,       302,       264,       215
359,      338,       279,       260,       283,       204,       237,       307,       303,       265,       245
359,      338,       279,       259,       284,       205,       237,       306,       303,       242,       130
359,      339,       279,       259,       284,       204,       237,       306,       303,       254,       190
360,      338,       278,       260,       283,       204,       237,       306,       303,       264,       235
361,      339,       280,       260,       283,       204,       237,       307,       303,       251,       195
361,      339,       280,       259,       283,       204,       237,       307,       303,       248,       175
361,      339,       280,       260,       283,       204,       237,       306,       303,       260,       235
361,      339,       280,       260,       284,       204,       238,       307,       303,       262,       260
361,      340,       280,       261,       284,       204,       238,       307,       304,       249,       210
362,      340,       280,       260,       283,       203,       237,       307,       303,       241,       150
361,      339,       280,       260,       283,       204,       237,       306,       303,       259,       230
362,      340,       281,       260,       284,       205,       238,       307,       303,       263,       285
362,      340,       280,       260,       284,       204,       238,       307,       304,       247,       200
363,      341,       280,       260,       283,       204,       236,       306,       303,       244,       170
363,      341,       281,       260,       283,       205,       237,       306,       303,       257,       250
363,      341,       281,       261,       284,       205,       238,       308,       304,       243,       210
363,      340,       281,       260,       283,       205,       238,       307,       303,       257,       255
363,      340,       281,       261,       283,       204,       237,       306,       303,       262,       270
364,      342,       281,       261,       284,       204,       238,       307,       303,       255,       265
364,      341,       281,       261,       284,       204,       238,       308,       303,       243,       205
363,      340,       281,       261,       284,       204,       238,       307,       302,       255,       245
365,      342,       281,       261,       284,       205,       238,       307,       303,       263,       315
364,      342,       281,       261,       285,       204,       238,       308,       304,       247,       240
364,      342,       281,       261,       285,       205,       238,       307,       303,       260,       300
364,      342,       281,       261,       285,       204,       239,       308,       304,       261,       315
365,      342,       281,       261,       285,       204,       239,       308,       304,       246,       245
366,      342,       282,       262,       285,       204,       239,       309,       305,       252,       300
365,      342,       281,       262,       285,       204,       239,       308,       303,       261,       320
366,      343,       281,       261,       285,       204,       239,       309,       304,       265,       355
367,      343,       282,       262,       285,       205,       238,       309,       304,       245,       270
366,      343,       282,       261,       284,       205,       239,       308,       304,       250,       280
366,      343,       282,       262,       285,       204,       239,       309,       304,       262,       350
367,      343,       282,       262,       285,       204,       239,       309,       304,       260,       345
367,      343,       281,       262,       285,       204,       239,       308,       304,       258,       325
367,      342,       281,       261,       284,       204,       239,       308,       304,       267,       355
367,      345,       282,       263,       285,       204,       239,       309,       304,       249,       305
367,      344,       282,       262,       285,       204,       239,       309,       305,       244,       275
368,      344,       282,       262,       284,       204,       239,       308,       304,       260,       345
368,      345,       283,       262,       284,       205,       238,       309,       304,       262,       370
368,      345,       281,       262,       285,       204,       239,       309,       304,       245,       280
367,      344,       283,       262,       284,       205,       240,       309,       304,       263,       375
368,      345,       283,       263,       285,       204,       239,       309,       305,       253,       340
368,      344,       283,       262,       285,       204,       239,       309,       304,       246,       290
368,      345,       283,       263,       285,       204,       239,       308,       304,       256,       345
368,      344,       283,       263,       285,       204,       240,       309,       304,       262,       380
369,      345,       284,       263,       285,       205,       240,       310,       305,       249,       345
368,      345,       284,       263,       284,       205,       239,       309,       304,       261,       380
368,      345,       284,       263,       285,       205,       239,       309,       304,       261,       385
368,      345,       283,       263,       286,       204,       240,       310,       304,       248,       325
369,      345,       284,       264,       285,       204,       240,       309,       305,       251,       350
368,      345,       284,       263,       284,       204,       239,       309,       305,       264,       395
369,      346,       284,       264,       285,       205,       240,       310,       305,       252,       370
368,      345,       284,       263,       285,       204,       240,       310,       305,       246,       320
369,      345,       284,       264,       285,       205,       239,       309,       304,       258,       380
369,      346,       284,       263,       285,       205,       241,       310,       304,       260,       405
369,      346,       284,       264,       285,       204,       240,       310,       305,       247,       340
368,      345,       283,       264,       285,       203,       239,       309,       305,       267,       410
369,      345,       284,       264,       285,       204,       240,       310,       304,       262,       405
369,      345,       284,       264,       285,       204,       240,       309,       304,       244,       310
369,      344,       284,       263,       285,       204,       240,       309,       304,       257,       365
369,      345,       284,       265,       285,       205,       240,       309,       304,       263,       415
369,      345,       284,       264,       285,       204,       240,       309,       304,       247,       325
369,      345,       284,       263,       284,       204,       239,       310,       304,       247,       315
370,      346,       285,       264,       284,       204,       239,       310,       304,       254,       370
370,      346,       285,       264,       285,       204,       240,       310,       304,       243,       325
369,      345,       285,       264,       285,       205,       240,       309,       304,       255,       375
369,      345,       284,       264,       285,       204,       240,       309,       304,       269,       435
370,      345,       285,       265,       285,       204,       240,       310,       304,       250,       360
370,      345,       285,       264,       285,       205,       240,       310,       305,       243,       330
369,      346,       285,       264,       285,       204,       239,       309,       304,       258,       385
369,      345,       285,       265,       285,       205,       240,       309,       304,       260,       405
369,      346,       285,       265,       284,       204,       239,       309,       303,       250,       340
369,      345,       285,       264,       284,       205,       240,       309,       303,       247,       325
370,      344,       285,       265,       284,       205,       240,       310,       305,       254,       380
369,      345,       285,       265,       285,       205,       239,       309,       305,       243,       320
369,      345,       285,       264,       284,       204,       240,       309,       304,       256,       370
370,      345,       285,       266,       285,       205,       240,       310,       304,       265,       445
370,      346,       284,       265,       284,       205,       240,       309,       305,       250,       360
369,      345,       284,       264,       284,       205,       240,       308,       304,       264,       405
369,      345,       285,       265,       284,       204,       239,       309,       304,       259,       385
369,      346,       285,       265,       284,       204,       240,       309,       304,       243,       315
369,      346,       285,       265,       284,       204,       240,       309,       304,       251,       355
370,      345,       286,       265,       284,       205,       240,       309,       304,       263,       425
371,      346,       286,       265,       284,       204,       240,       309,       304,       250,       365
369,      345,       285,       264,       284,       204,       240,       309,       304,       245,       315
369,      345,       286,       266,       284,       204,       239,       308,       304,       260,       395
371,      346,       286,       266,       285,       205,       240,       309,       304,       244,       350
371,      346,       286,       266,       284,       204,       240,       309,       304,       249,       365
370,      345,       286,       265,       284,       204,       240,       308,       304,       265,       425
370,      345,       286,       266,       284,       204,       240,       309,       304,       258,       400
371,      346,       286,       266,       284,       204,       240,       309,       304,       243,       335
370,      346,       286,       266,       284,       204,       239,       309,       304,       260,       410
371,      346,       286,       267,       284,       204,       239,       309,       304,       268,       460
371,      347,       286,       266,       284,       204,       240,       308,       304,       247,       355
371,      346,       286,       265,       283,       205,       240,       308,       304,       244,       330
372,      347,       287,       266,       283,       204,       240,       309,       304,       259,       425
372,      347,       287,       267,       284,       204,       240,       309,       304,       247,       375
371,      346,       287,       266,       284,       204,       240,       308,       304,       267,       455
372,      347,       286,       266,       284,       204,       240,       308,       304,       262,       435
373,      347,       287,       267,       284,       204,       240,       309,       304,       253,       410
372,      347,       287,       266,       283,       204,       240,       309,       304,       245,       355
371,      347,       287,       267,       284,       204,       240,       308,       304,       256,       410
372,      346,       287,       267,       284,       205,       241,       309,       304,       264,       465
372,      347,       287,       267,       284,       204,       240,       309,       304,       255,       415
372,      347,       287,       267,       284,       204,       240,       309,       303,       264,       455
372,      347,       287,       268,       284,       204,       240,       309,       304,       263,       460
373,      347,       287,       267,       284,       205,       241,       310,       304,       246,       390
372,      346,       287,       268,       284,       204,       240,       309,       304,       251,       395
372,      347,       287,       267,       283,       204,       240,       308,       304,       282,       540
373,      348,       288,       267,       283,       204,       240,       309,       304,       260,       450
373,      347,       288,       267,       284,       204,       240,       309,       304,       243,       365
373,      348,       288,       267,       283,       204,       240,       309,       304,       249,       395
373,      347,       288,       268,       284,       204,       241,       310,       304,       267,       500
373,      348,       288,       268,       284,       204,       240,       309,       304,       258,       450
373,      347,       288,       267,       284,       204,       240,       309,       304,       259,       445
373,      347,       288,       267,       283,       204,       240,       309,       304,       266,       475
373,      348,       288,       268,       285,       204,       241,       310,       305,       249,       425
373,      348,       288,       269,       285,       204,       240,       310,       305,       247,       415
373,      348,       288,       268,       284,       204,       240,       309,       304,       261,       465
375,      348,       288,       269,       284,       205,       241,       309,       304,       268,       525
373,      348,       288,       268,       284,       204,       240,       309,       304,       247,       395
373,      348,       288,       268,       284,       204,       240,       310,       305,       254,       440
374,      348,       289,       268,       284,       205,       240,       310,       304,       259,       475
374,      349,       289,       268,       285,       205,       241,       310,       304,       261,       500
373,      348,       288,       269,       284,       204,       240,       309,       304,       263,       480
374,      348,       289,       269,       285,       205,       241,       310,       304,       265,       520
374,      349,       289,       269,       284,       204,       241,       310,       305,       253,       460
373,      348,       289,       269,       285,       205,       240,       309,       305,       244,       405
374,      348,       288,       268,       285,       204,       241,       309,       305,       274,       550
374,      348,       289,       269,       285,       205,       241,       310,       304,       246,       425
374,      348,       289,       269,       284,       204,       241,       310,       304,       252,       445
374,      348,       289,       269,       284,       204,       241,       309,       304,       261,       485
375,      348,       289,       269,       285,       204,       240,       310,       304,       262,       500
374,      348,       289,       269,       285,       204,       241,       311,       305,       246,       430
373,      348,       289,       269,       285,       205,       241,       310,       305,       249,       440
374,      349,       289,       269,       284,       204,       240,       310,       304,       263,       500
375,      350,       290,       270,       285,       205,       241,       310,       304,       259,       515
374,      348,       289,       269,       285,       204,       241,       310,       304,       244,       410
374,      348,       290,       270,       285,       205,       241,       310,       305,       252,       470
375,      348,       290,       270,       285,       204,       241,       310,       305,       252,       470
375,      349,       290,       270,       286,       205,       242,       311,       305,       259,       530
375,      349,       290,       270,       287,       205,       243,       312,       309,       277,       655
375,      350,       290,       270,       286,       204,       242,       311,       306,       263,       555
375,      349,       290,       270,       285,       204,       241,       311,       305,       253,       485
373,      346,       290,       270,       283,       205,       239,       307,       300,       245,       360
373,      348,       290,       270,       284,       204,       241,       310,       303,       265,       510
374,      347,       290,       271,       285,       205,       242,       310,       304,       247,       445
375,      348,       290,       270,       286,       204,       242,       310,       304,       248,       455
375,      348,       291,       271,       286,       205,       242,       311,       305,       262,       550
374,      349,       290,       270,       286,       204,       241,       311,       305,       262,       530
375,      348,       290,       271,       286,       205,       242,       311,       305,       249,       480
375,      349,       291,       270,       286,       204,       242,       312,       305,       254,       510
375,      348,       291,       271,       286,       204,       242,       312,       305,       276,       620
376,      349,       290,       271,       287,       204,       243,       311,       305,       262,       560
375,      349,       290,       271,       286,       203,       242,       311,       305,       252,       490
376,      348,       290,       271,       286,       204,       242,       311,       305,       248,       475
377,      349,       291,       271,       286,       204,       242,       311,       306,       264,       575
376,      350,       291,       272,       287,       205,       243,       312,       306,       248,       520
376,      350,       291,       271,       286,       204,       243,       311,       305,       254,       525
376,      349,       291,       272,       286,       204,       242,       312,       306,       267,       595
377,      351,       291,       271,       287,       205,       242,       312,       306,       263,       595
377,      350,       292,       272,       287,       204,       242,       312,       306,       244,       500
377,      350,       291,       271,       287,       204,       243,       313,       306,       249,       525
377,      350,       292,       272,       287,       204,       243,       313,       305,       265,       610
378,      351,       291,       272,       288,       205,       243,       312,       306,       259,       595
378,      351,       292,       271,       287,       204,       243,       312,       306,       261,       595
378,      350,       292,       272,       286,       204,       243,       312,       306,       250,       535
378,      351,       292,       273,       287,       204,       243,       313,       306,       258,       595
378,      351,       292,       272,       287,       204,       243,       313,       306,       244,       520
378,      351,       293,       272,       287,       205,       242,       312,       305,       258,       585
378,      351,       292,       273,       287,       204,       243,       312,       306,       269,       645
378,      352,       293,       273,       287,       205,       243,       313,       306,       250,       570
378,      351,       292,       273,       286,       204,       243,       313,       306,       246,       530
377,      351,       293,       273,       287,       204,       243,       312,       306,       259,       595
379,      351,       293,       273,       287,       204,       243,       313,       306,       264,       635
378,      351,       293,       273,       287,       204,       243,       312,       306,       248,       545
378,      352,       293,       273,       287,       204,       243,       312,       305,       262,       615
379,      352,       293,       274,       287,       204,       243,       312,       305,       266,       645
379,      352,       293,       274,       287,       204,       243,       312,       306,       250,       570
378,      351,       293,       273,       286,       204,       243,       312,       306,       246,       530
378,      351,       293,       273,       286,       204,       243,       313,       306,       264,       625
379,      352,       294,       274,       286,       204,       242,       312,       306,       262,       625
378,      351,       293,       274,       287,       204,       243,       312,       306,       250,       560
378,      352,       293,       273,       286,       204,       242,       311,       305,       265,       615
378,      351,       293,       274,       286,       204,       242,       312,       305,       259,       590
379,      352,       294,       274,       286,       204,       243,       312,       305,       246,       545
378,      351,       294,       274,       286,       204,       243,       312,       306,       252,       570
378,      351,       294,       274,       286,       204,       242,       311,       305,       270,       645
379,      351,       294,       274,       286,       204,       242,       312,       305,       258,       595
379,      352,       293,       274,       286,       204,       242,       312,       305,       246,       535
379,      351,       294,       274,       286,       205,       242,       310,       305,       266,       630
378,      351,       294,       274,       286,       204,       242,       312,       305,       263,       615
379,      352,       294,       274,       286,       204,       243,       312,       305,       245,       540
378,      351,       294,       274,       286,       204,       242,       311,       305,       256,       575
378,      351,       294,       274,       286,       205,       243,       311,       305,       264,       625
379,      352,       295,       274,       286,       204,       243,       312,       305,       252,       580
379,      351,       295,       274,       286,       204,       242,       312,       306,       245,       540
379,      351,       295,       274,       286,       205,       243,       311,       305,       263,       630
378,      351,       295,       274,       286,       204,       243,       312,       306,       252,       575
378,      350,       294,       275,       286,       204,       242,       312,       306,       250,       555
378,      352,       295,       274,       286,       204,       242,       311,       305,       260,       605
379,      350,       295,       275,       286,       204,       243,       311,       305,       262,       620
378,      351,       295,       274,       286,       204,       243,       312,       306,       252,       575
378,      351,       295,       274,       286,       204,       242,       312,       305,       252,       565
378,      351,       295,       274,       286,       204,       242,       311,       305,       261,       605
379,      351,       295,       275,       287,       205,       243,       313,       306,       244,       560
379,      351,       295,       276,       287,       204,       243,       312,       306,       249,       580
378,      351,       295,       275,       286,       205,       243,       311,       305,       264,       635
379,      351,       295,       275,       286,       205,       244,       312,       306,       259,       630
379,      352,       295,       275,       287,       204,       243,       313,       306,       243,       555
379,      351,       295,       275,       286,       204,       243,       312,       305,       253,       585
379,      352,       295,       275,       286,       204,       242,       311,       305,       264,       635
380,      352,       296,       276,       286,       205,       243,       312,       305,       258,       635
379,      352,       296,       276,       287,       204,       244,       312,       306,       246,       580
379,      352,       296,       276,       286,       204,       243,       312,       305,       250,       585
379,      352,       295,       275,       286,       204,       242,       311,       305,       262,       625
381,      353,       295,       276,       287,       204,       243,       312,       306,       255,       630
381,      352,       296,       276,       286,       204,       243,       312,       305,       245,       570
380,      352,       296,       276,       286,       205,       243,       312,       305,       276,       725
380,      352,       296,       276,       286,       204,       243,       312,       306,       253,       610
380,      352,       296,       276,       287,       204,       244,       312,       306,       251,       610
380,      352,       296,       276,       286,       204,       243,       311,       305,       258,       625
381,      353,       296,       277,       286,       204,       243,       312,       305,       262,       665
381,      353,       296,       277,       286,       204,       244,       312,       306,       250,       615
381,      352,       297,       276,       286,       204,       243,       311,       306,       249,       595
381,      352,       296,       277,       285,       204,       243,       311,       305,       261,       645
380,      353,       296,       277,       287,       205,       244,       312,       305,       246,       595
381,      354,       297,       277,       286,       204,       243,       311,       306,       248,       605
381,      353,       296,       277,       286,       204,       242,       311,       305,       278,       735
381,      354,       297,       277,       286,       204,       243,       312,       306,       254,       640
382,      352,       297,       277,       287,       204,       244,       312,       305,       244,       590
381,      352,       297,       277,       286,       204,       243,       311,       305,       258,       640
381,      353,       297,       277,       286,       204,       242,       311,       305,       265,       675
382,      354,       297,       278,       287,       204,       244,       312,       305,       257,       670
381,      353,       297,       277,       286,       204,       243,       311,       305,       246,       585
381,      353,       297,       277,       287,       205,       243,       312,       305,       261,       675
381,      353,       297,       278,       287,       204,       244,       313,       306,       250,       635
381,      353,       298,       278,       286,       204,       244,       312,       306,       249,       625
381,      352,       297,       277,       287,       205,       243,       312,       306,       264,       690
381,      353,       297,       278,       287,       204,       244,       312,       305,       259,       670
381,      353,       298,       278,       287,       204,       243,       313,       306,       245,       610
381,      353,       298,       278,       287,       205,       244,       313,       306,       256,       675
381,      353,       299,       279,       287,       205,       245,       312,       306,       266,       735
381,      353,       298,       278,       287,       204,       244,       313,       306,       247,       625
381,      353,       298,       278,       287,       205,       243,       312,       305,       244,       600
381,      353,       298,       278,       286,       203,       243,       312,       306,       256,       650
382,      353,       298,       279,       287,       204,       244,       313,       306,       258,       690
381,      353,       298,       278,       286,       204,       244,       313,       306,       250,       635
381,      353,       299,       278,       286,       205,       244,       312,       306,       265,       715
381,      353,       298,       278,       286,       205,       243,       312,       306,       260,       680
382,      353,       298,       279,       287,       205,       244,       313,       306,       245,       630
381,      353,       298,       279,       286,       204,       244,       312,       305,       255,       655
380,      352,       298,       278,       286,       204,       243,       312,       305,       283,       775
381,      353,       299,       279,       287,       205,       244,       312,       306,       256,       680
381,      353,       299,       278,       286,       205,       243,       311,       305,       260,       675
381,      353,       299,       279,       286,       204,       243,       311,       305,       257,       660
381,      353,       299,       279,       286,       204,       244,       312,       306,       247,       625
381,      353,       299,       279,       286,       204,       244,       311,       306,       248,       625
381,      353,       299,       279,       285,       204,       244,       312,       306,       266,       715
382,      353,       299,       279,       286,       204,       243,       312,       306,       259,       685
381,      353,       299,       279,       286,       204,       243,       312,       306,       245,       610
381,      353,       299,       279,       286,       204,       243,       311,       305,       255,       650
382,      353,       299,       280,       286,       204,       244,       312,       305,       267,       730
381,      352,       298,       280,       286,       205,       243,       311,       305,       250,       625
381,      353,       299,       279,       285,       204,       243,       311,       304,       264,       685
382,      353,       299,       279,       285,       204,       243,       311,       305,       255,       650
381,      353,       299,       280,       286,       205,       244,       312,       305,       244,       615
381,      353,       300,       279,       285,       204,       243,       311,       304,       259,       665
381,      353,       300,       280,       285,       204,       243,       311,       305,       264,       700
381,      353,       299,       280,       285,       204,       243,       311,       305,       249,       620
382,      353,       300,       280,       285,       205,       242,       311,       305,       247,       620
381,      353,       300,       280,       284,       203,       242,       311,       305,       257,       650
381,      353,       300,       280,       286,       204,       244,       312,       305,       270,       745
381,      353,       300,       280,       286,       204,       243,       310,       304,       257,       660
381,      353,       300,       280,       286,       205,       243,       311,       305,       271,       745
381,      354,       300,       280,       286,       204,       243,       311,       305,       255,       665
382,      352,       300,       280,       286,       204,       244,       312,       305,       250,       645
381,      352,       300,       280,       285,       204,       243,       311,       305,       259,       670
381,      353,       300,       281,       285,       204,       243,       310,       304,       264,       695
382,      353,       300,       281,       285,       205,       243,       311,       305,       256,       675
381,      353,       301,       281,       284,       204,       242,       311,       304,       266,       705
382,      354,       300,       281,       285,       205,       243,       311,       305,       260,       700
381,      352,       300,       281,       285,       205,       243,       311,       305,       245,       610
380,      352,       300,       280,       285,       204,       243,       311,       305,       258,       660
382,      353,       301,       281,       286,       205,       243,       312,       304,       262,       715
382,      353,       300,       280,       285,       204,       243,       312,       305,       249,       635
381,      353,       301,       281,       285,       204,       242,       310,       305,       263,       695
382,      352,       301,       281,       284,       205,       243,       311,       305,       275,       765
382,      353,       301,       281,       284,       204,       243,       311,       305,       253,       655
382,      353,       301,       281,       285,       205,       243,       310,       304,       254,       660
382,      353,       301,       282,       285,       204,       243,       310,       305,       265,       720
382,      353,       300,       282,       284,       204,       243,       311,       305,       251,       645
382,      354,       301,       281,       284,       204,       242,       310,       304,       245,       605
382,      353,       301,       281,       284,       204,       243,       310,       304,       263,       695
382,      353,       301,       282,       285,       205,       243,       311,       305,       245,       630
382,      353,       301,       282,       285,       204,       243,       310,       305,       248,       635
382,      354,       301,       282,       284,       204,       242,       310,       304,       271,       740
382,      354,       301,       282,       285,       204,       243,       311,       305,       253,       670
382,      353,       302,       281,       285,       204,       243,       311,       305,       244,       620
381,      353,       301,       281,       284,       204,       242,       311,       304,       261,       680
382,      354,       301,       283,       285,       205,       243,       310,       304,       263,       720
382,      353,       301,       282,       285,       205,       242,       310,       305,       254,       665
382,      354,       302,       282,       284,       204,       242,       310,       305,       247,       630
382,      353,       302,       282,       284,       204,       243,       311,       305,       259,       695
382,      354,       302,       282,       285,       205,       244,       311,       305,       244,       640
383,      353,       303,       282,       284,       204,       243,       310,       305,       259,       700
383,      353,       302,       282,       285,       205,       243,       310,       304,       270,       755
383,      354,       302,       283,       285,       205,       243,       311,       305,       252,       685
382,      353,       302,       282,       285,       204,       243,       311,       304,       247,       635
382,      352,       302,       282,       284,       204,       243,       311,       304,       264,       710
383,      353,       302,       283,       285,       204,       242,       310,       304,       261,       705
383,      354,       303,       282,       284,       204,       243,       310,       304,       260,       705
383,      354,       303,       282,       284,       204,       242,       309,       304,       258,       685
383,      353,       302,       284,       284,       204,       242,       309,       304,       265,       720
383,      354,       303,       283,       284,       204,       243,       310,       304,       245,       635
383,      354,       303,       283,       284,       204,       242,       309,       305,       245,       630
383,      354,       303,       283,       284,       205,       242,       310,       304,       260,       710
384,      353,       303,       283,       284,       205,       243,       311,       304,       251,       675
