0,        1,         2,         3,         4,         5,         6,         7,         8,         9,         "T"
379,10,-62,119,
327,      348,       409,       350,       258,       210,       306,       384,       347,       257,       0
326,      348,       408,       350,       258,       211,       305,       382,       347,       261,       0
327,      349,       408,       350,       258,       211,       305,       383,       347,       269,       0
327,      349,       408,       349,       258,       210,       305,       383,       347,       249,       0
326,      349,       408,       350,       258,       210,       305,       383,       347,       270,       0
327,      349,       408,       351,       258,       210,       305,       383,       347,       258,       0
326,      348,       408,       350,       257,       211,       305,       383,       347,       273,       0
327,      349,       408,       351,       258,       211,       305,       383,       347,       254,       0
326,      348,       408,       350,       258,       211,       305,       383,       346,       263,       0
327,      349,       408,       350,       257,       211,       305,       382,       346,       271,       0
327,      349,       407,       350,       258,       210,       305,       383,       347,       250,       0
326,      349,       408,       350,       258,       210,       305,       382,       347,       268,       0
326,      349,       408,       350,       258,       210,       305,       383,       347,       259,       0
327,      348,       408,       350,       257,       211,       305,       382,       347,       254,       0
326,      348,       408,       350,       258,       211,       305,       382,       346,       273,       0
327,      349,       408,       351,       258,       210,       305,       383,       347,       252,       0
327,      348,       408,       350,       258,       210,       305,       382,       346,       252,       0
326,      348,       408,       350,       257,       211,       304,       381,       346,       268,       0
326,      349,       408,       350,       258,       210,       305,       382,       346,       269,       0
326,      349,       408,       350,       258,       211,       305,       383,       347,       249,       0
326,      348,       408,       350,       258,       211,       305,       382,       346,       266,       0
326,      349,       408,       350,       257,       210,       305,       383,       347,       262,       5
327,      349,       408,       350,       258,       210,       305,       383,       347,       262,       15
326,      348,       408,       350,       257,       211,       305,       382,       347,       271,       45
326,      348,       408,       351,       258,       210,       305,       382,       347,       271,       50
326,      348,       408,       350,       258,       211,       305,       383,       347,       260,       0
326,      349,       408,       350,       258,       210,       305,       382,       347,       253,       -40
327,      348,       408,       350,       258,       210,       305,       382,       346,       274,       60
327,      348,       408,       350,       258,       210,       305,       383,       347,       251,       -45
327,      349,       408,       350,       258,       210,       304,       381,       346,       261,       -10
327,      348,       408,       349,       258,       211,       305,       382,       346,       269,       35
327,      349,       408,       350,       258,       210,       305,       382,       347,       267,       35
326,      348,       408,       350,       257,       211,       304,       381,       346,       253,       -60
326,      348,       407,       349,       257,       210,       304,       381,       346,       267,       -5
327,      348,       407,       350,       258,       211,       304,       382,       347,       261,       -5
327,      349,       407,       350,       258,       211,       305,       382,       347,       249,       -55
326,      348,       407,       349,       257,       211,       304,       381,       346,       278,       55
326,      348,       408,       350,       257,       211,       305,       382,       346,       269,       30
327,      348,       408,       350,       258,       211,       305,       382,       347,       258,       -10
326,      348,       407,       349,       257,       211,       304,       382,       347,       251,       -70
327,      348,       408,       350,       257,       210,       305,       382,       346,       270,       35
327,      348,       407,       350,       257,       210,       305,       382,       346,       261,       -15
327,      348,       408,       350,       258,       210,       305,       382,       346,       258,       -20
326,      348,       408,       350,       257,       211,       305,       381,       346,       257,       -35
326,      348,       407,       350,       258,       211,       305,       382,       347,       273,       55
327,      348,       408,       349,       258,       211,       305,       381,       346,       261,       -10
326,      348,       407,       349,       257,       211,       304,       381,       346,       261,       -30
326,      349,       407,       350,       258,       210,       304,       381,       346,       267,       10
326,      349,       408,       350,       258,       210,       304,       382,       346,       248,       -75
326,      348,       407,       349,       257,       211,       304,       380,       346,       267,       -5
325,      348,       407,       349,       257,       211,       304,       381,       346,       265,       -15
327,      349,       408,       350,       257,       210,       304,       381,       346,       249,       -75
326,      348,       407,       349,       257,       211,       304,       381,       346,       250,       -85
326,      348,       408,       350,       257,       211,       304,       380,       346,       268,       10
327,      349,       407,       349,       257,       211,       304,       381,       346,       260,       -25
326,      348,       408,       350,       257,       210,       304,       380,       346,       250,       -85
326,      348,       407,       349,       256,       210,       304,       380,       345,       252,       -95
325,      348,       408,       350,       257,       211,       304,       381,       346,       259,       -35
326,      348,       407,       350,       257,       210,       304,       381,       346,       260,       -35
326,      347,       407,       349,       257,       210,       304,       381,       346,       254,       -75
326,      347,       407,       349,       257,       211,       304,       380,       346,       271,       10
327,      348,       407,       350,       257,       211,       304,       381,       346,       256,       -45
326,      347,       407,       349,       257,       211,       304,       380,       345,       255,       -75
326,      347,       407,       349,       257,       210,       303,       380,       345,       279,       35
326,      347,       407,       349,       256,       210,       303,       380,       343,       258,       -85
326,      348,       407,       350,       257,       211,       304,       381,       345,       252,       -75
326,      347,       407,       349,       256,       211,       304,       380,       345,       268,       -15
326,      347,       407,       349,       256,       211,       303,       379,       344,       270,       -20
327,      348,       407,       349,       257,       210,       304,       380,       346,       252,       -80
327,      348,       407,       349,       257,       211,       304,       380,       345,       259,       -45
327,      347,       407,       349,       257,       210,       304,       380,       345,       269,       -5
327,      348,       407,       350,       257,       210,       304,       380,       345,       267,       -5
327,      348,       407,       349,       257,       210,       304,       380,       346,       250,       -90
327,      348,       407,       349,       257,       211,       304,       380,       345,       262,       -30
327,      348,       407,       349,       257,       210,       304,       380,       346,       269,       5
327,      348,       407,       350,       258,       211,       304,       381,       346,       249,       -75
327,      348,       407,       349,       257,       210,       303,       380,       345,       277,       35
327,      348,       407,       349,       256,       210,       304,       379,       345,       265,       -30
327,      348,       407,       349,       257,       211,       304,       381,       346,       267,       5
327,      347,       407,       349,       257,       210,       304,       380,       346,       251,       -90
327,      347,       407,       349,       257,       210,       304,       380,       346,       267,       -10
329,      348,       407,       350,       257,       210,       304,       381,       346,       262,       -10
328,      348,       407,       350,       257,       211,       304,       380,       346,       249,       -80
327,      347,       408,       349,       257,       211,       304,       379,       345,       272,       15
328,      348,       407,       349,       257,       210,       304,       380,       346,       268,       5
328,      348,       407,       349,       257,       211,       304,       381,       347,       249,       -75
328,      348,       407,       349,       257,       211,       304,       381,       347,       250,       -70
328,      348,       407,       349,       257,       210,       304,       380,       346,       267,       0
328,      348,       407,       349,       257,       211,       304,       380,       346,       265,       -5
328,      348,       407,       349,       257,       211,       304,       380,       346,       250,       -80
327,      348,       407,       349,       257,       211,       304,       379,       346,       273,       25
329,      348,       407,       350,       256,       211,       304,       381,       347,       262,       -5
329,      349,       407,       350,       257,       211,       304,       380,       346,       271,       40
328,      348,       408,       349,       257,       210,       304,       379,       346,       258,       -45
328,      348,       408,       350,       256,       211,       304,       379,       345,       266,       -5
329,      349,       407,       350,       258,       210,       304,       380,       346,       266,       15
329,      348,       407,       350,       257,       210,       304,       380,       346,       258,       -35
329,      349,       407,       349,       257,       210,       304,       380,       346,       272,       35
329,      349,       407,       350,       257,       211,       305,       381,       346,       258,       -15
328,      348,       408,       350,       256,       210,       304,       380,       344,       258,       -50
329,      348,       407,       350,       256,       210,       304,       380,       345,       252,       -75
329,      349,       408,       350,       257,       210,       305,       380,       346,       270,       40
329,      348,       408,       350,       257,       210,       305,       382,       347,       256,       -20
328,      349,       408,       350,       258,       211,       305,       381,       348,       252,       -30
330,      349,       408,       350,       257,       211,       305,       381,       348,       271,       70
329,      349,       408,       350,       258,       211,       305,       382,       347,       271,       70
330,      349,       408,       350,       258,       210,       306,       381,       347,       253,       -20
329,      349,       408,       350,       257,       211,       306,       382,       348,       254,       -10
329,      349,       408,       351,       258,       210,       305,       381,       348,       271,       70
330,      349,       408,       350,       258,       210,       306,       382,       348,       254,       -5
329,      348,       408,       351,       258,       210,       306,       382,       347,       257,       0
329,      349,       409,       351,       257,       211,       306,       382,       347,       258,       15
330,      349,       409,       351,       258,       210,       306,       383,       348,       270,       90
330,      349,       409,       351,       258,       211,       306,       382,       347,       259,       30
329,      349,       409,       351,       258,       211,       306,       382,       348,       261,       40
330,      350,       409,       351,       258,       210,       306,       383,       348,       277,       130
331,      350,       409,       351,       259,       211,       306,       383,       348,       253,       25
330,      350,       409,       351,       258,       210,       306,       382,       348,       268,       80
330,      349,       409,       351,       258,       210,       306,       383,       348,       265,       65
331,      349,       409,       352,       258,       210,       307,       384,       348,       266,       90
330,      349,       409,       351,       257,       211,       307,       383,       347,       254,       10
329,      350,       409,       352,       257,       210,       306,       383,       347,       267,       70
331,      350,       409,       351,       258,       211,       307,       383,       348,       267,       95
330,      350,       410,       352,       258,       211,       307,       384,       348,       253,       35
330,      350,       409,       352,       257,       210,       307,       383,       348,       251,       5
330,      350,       410,       352,       258,       210,       307,       384,       348,       277,       150
331,      351,       410,       352,       258,       211,       306,       384,       348,       261,       80
330,      349,       410,       352,       257,       210,       307,       384,       348,       251,       10
331,      350,       410,       352,       257,       210,       307,       383,       348,       271,       115
331,      350,       410,       353,       258,       211,       307,       384,       348,       257,       65
330,      349,       410,       353,       258,       210,       307,       383,       348,       257,       45
330,      350,       410,       352,       257,       210,       306,       383,       348,       256,       30
331,      350,       410,       353,       258,       210,       307,       384,       348,       272,       135
331,      350,       410,       353,       258,       210,       308,       384,       348,       254,       50
331,      350,       410,       353,       258,       210,       307,       383,       348,       262,       80
331,      351,       410,       353,       258,       210,       307,       383,       348,       271,       130
331,      351,       410,       353,       258,       210,       308,       384,       348,       250,       35
331,      351,       410,       353,       258,       210,       307,       383,       349,       251,       35
330,      350,       410,       353,       258,       210,       307,       383,       348,       263,       80
330,      351,       411,       353,       258,       211,       307,       383,       348,       276,       160
331,      351,       411,       353,       258,       210,       307,       384,       349,       251,       45
330,      350,       411,       353,       258,       210,       307,       383,       348,       263,       85
331,      351,       411,       353,       258,       210,       307,       383,       348,       269,       125
332,      351,       411,       354,       258,       210,       307,       384,       348,       269,       140
331,      351,       411,       353,       257,       211,       307,       384,       347,       264,       100
331,      351,       411,       353,       257,       210,       307,       383,       348,       284,       195
332,      351,       411,       353,       257,       211,       307,       383,       348,       269,       130
332,      351,       411,       353,       258,       210,       307,       384,       348,       249,       35
331,      351,       411,       353,       257,       211,       307,       383,       348,       249,       25
331,      351,       411,       353,       257,       211,       307,       384,       348,       268,       125
332,      351,       412,       354,       258,       210,       307,       384,       348,       268,       140
332,      351,       412,       353,       257,       210,       307,       384,       348,       249,       35
331,      352,       412,       354,       257,       211,       307,       383,       348,       266,       125
331,      351,       411,       353,       257,       211,       307,       384,       348,       263,       100
333,      351,       412,       354,       258,       211,       307,       384,       348,       263,       125
331,      350,       412,       354,       257,       211,       306,       383,       348,       254,       50
331,      351,       412,       354,       257,       210,       307,       383,       348,       269,       130
332,      352,       412,       354,       257,       210,       307,       384,       348,       263,       115
331,      351,       412,       354,       258,       211,       307,       384,       348,       255,       75
331,      351,       412,       354,       257,       210,       307,       383,       348,       273,       150
331,      350,       412,       354,       258,       210,       308,       383,       348,       272,       150
332,      351,       412,       355,       257,       210,       307,       384,       349,       255,       80
331,      350,       412,       354,       257,       211,       308,       384,       348,       255,       70
331,      351,       412,       355,       257,       211,       307,       383,       348,       270,       145
332,      351,       412,       355,       258,       211,       308,       384,       348,       252,       75
332,      350,       412,       355,       257,       210,       307,       383,       348,       261,       95
332,      351,       412,       354,       257,       211,       307,       383,       348,       272,       155
332,      351,       412,       356,       257,       210,       307,       384,       348,       272,       165
331,      351,       413,       355,       257,       211,       307,       383,       348,       263,       115
332,      351,       412,       355,       257,       211,       307,       383,       347,       265,       120
331,      352,       413,       356,       258,       211,       307,       383,       348,       271,       170
331,      351,       413,       355,       258,       211,       307,       383,       348,       250,       55
331,      351,       413,       355,       257,       211,       307,       382,       347,       264,       110
332,      351,       413,       355,       257,       211,       306,       383,       348,       268,       140
332,      351,       413,       356,       258,       211,       307,       384,       348,       249,       65
332,      351,       413,       355,       257,       211,       306,       383,       348,       250,       50
332,      351,       413,       355,       257,       210,       307,       384,       348,       269,       150
332,      351,       413,       356,       257,       210,       307,       384,       348,       262,       120
331,      351,       413,       356,       256,       211,       307,       384,       348,       252,       65
332,      351,       413,       355,       256,       210,       307,       383,       347,       271,       145
332,      351,       413,       356,       257,       211,       307,       383,       348,       272,       170
332,      351,       413,       356,       257,       210,       308,       384,       348,       255,       90
331,      351,       414,       356,       257,       211,       308,       383,       348,       262,       125
333,      351,       413,       356,       257,       211,       307,       383,       348,       270,       165
332,      352,       413,       356,       257,       210,       308,       384,       348,       271,       175
332,      351,       413,       356,       257,       210,       307,       383,       348,       262,       115
331,      351,       414,       356,       257,       211,       307,       383,       348,       264,       130
332,      352,       413,       356,       257,       210,       308,       384,       348,       269,       165
332,      352,       414,       357,       257,       211,       307,       384,       348,       248,       70
331,      351,       414,       356,       257,       211,       307,       383,       348,       267,       145
332,      351,       414,       356,       257,       210,       307,       384,       348,       263,       130
331,      351,       413,       357,       257,       210,       308,       384,       349,       250,       70
332,      351,       414,       356,       257,       210,       307,       384,       349,       253,       85
331,      351,       414,       357,       257,       210,       307,       384,       348,       273,       180
333,      352,       414,       357,       257,       210,       308,       385,       348,       256,       120
331,      351,       414,       357,       257,       210,       308,       384,       348,       258,       110
332,      351,       414,       357,       257,       211,       308,       384,       348,       279,       225
332,      352,       414,       357,       258,       211,       308,       385,       349,       257,       135
332,      351,       414,       357,       257,       211,       308,       384,       348,       264,       150
332,      351,       414,       357,       257,       210,       308,       384,       349,       266,       160
333,      352,       414,       357,       258,       210,       308,       385,       349,       250,       100
332,      352,       414,       357,       257,       211,       309,       385,       349,       251,       105
332,      352,       414,       357,       258,       210,       308,       384,       349,       271,       195
332,      352,       414,       358,       258,       211,       309,       386,       349,       258,       155
332,      351,       414,       358,       258,       211,       309,       385,       349,       257,       140
332,      352,       415,       357,       257,       211,       309,       385,       349,       257,       140
333,      352,       415,       358,       258,       210,       309,       386,       349,       253,       135
333,      352,       415,       357,       258,       210,       309,       386,       350,       253,       135
332,      352,       415,       357,       258,       211,       308,       385,       349,       266,       185
332,      352,       415,       358,       257,       210,       309,       385,       349,       267,       190
333,      352,       415,       358,       258,       211,       309,       386,       350,       254,       150
333,      353,       415,       358,       257,       210,       309,       385,       349,       253,       130
333,      352,       415,       359,       257,       210,       309,       386,       350,       260,       175
333,      353,       415,       358,       258,       210,       309,       386,       350,       259,       175
333,      352,       415,       358,       258,       211,       309,       386,       350,       257,       165
333,      353,       415,       359,       258,       211,       310,       385,       349,       270,       235
334,      352,       415,       359,       258,       211,       309,       386,       350,       257,       175
333,      353,       416,       358,       258,       210,       309,       385,       349,       271,       230
332,      353,       416,       358,       258,       210,       309,       386,       350,       267,       215
334,      353,       416,       359,       258,       211,       309,       386,       350,       253,       165
333,      352,       416,       358,       258,       211,       310,       387,       350,       251,       150
333,      353,       416,       359,       258,       210,       309,       385,       350,       272,       245
333,      352,       416,       360,       258,       211,       310,       387,       350,       259,       200
333,      353,       416,       359,       259,       210,       310,       386,       350,       260,       200
333,      353,       416,       359,       258,       210,       309,       386,       350,       262,       200
334,      353,       416,       360,       259,       210,       310,       386,       350,       270,       260
334,      353,       416,       360,       258,       211,       310,       387,       350,       251,       170
333,      353,       416,       360,       258,       210,       309,       386,       350,       279,       290
334,      353,       416,       360,       258,       211,       309,       387,       350,       269,       255
334,      353,       416,       360,       258,       211,       310,       386,       350,       250,       160
333,      353,       417,       360,       258,       211,       309,       386,       349,       289,       345
334,      354,       417,       360,       258,       210,       310,       387,       350,       274,       290
334,      354,       417,       360,       258,       210,       310,       387,       350,       253,       185
333,      353,       417,       361,       258,       210,       310,       387,       350,       254,       185
334,      353,       417,       361,       258,       211,       310,       386,       350,       273,       285
334,      354,       417,       361,       258,       211,       310,       387,       350,       254,       200
333,      354,       417,       361,       259,       210,       310,       386,       350,       262,       230
333,      354,       417,       360,       258,       210,       310,       386,       350,       282,       320
334,      354,       417,       361,       259,       210,       310,       387,       350,       251,       185
334,      354,       417,       361,       258,       210,       310,       387,       350,       251,       180
333,      354,       417,       361,       258,       211,       310,       387,       350,       267,       260
335,      354,       417,       361,       258,       210,       310,       387,       351,       266,       265
334,      354,       417,       360,       258,       211,       311,       388,       351,       253,       205
334,      354,       417,       361,       258,       210,       310,       387,       350,       269,       270
334,      354,       418,       361,       258,       210,       311,       388,       351,       262,       255
335,      354,       418,       361,       259,       210,       311,       388,       351,       259,       250
334,      353,       417,       361,       258,       210,       310,       387,       350,       263,       235
334,      354,       418,       361,       259,       210,       310,       387,       351,       281,       345
334,      354,       417,       361,       258,       210,       311,       388,       351,       256,       220
333,      353,       418,       361,       259,       211,       311,       387,       351,       261,       245
334,      353,       418,       361,       259,       210,       310,       387,       350,       275,       305
334,      354,       418,       362,       258,       211,       311,       388,       351,       269,       300
335,      354,       418,       362,       259,       211,       311,       388,       351,       249,       210
334,      353,       418,       361,       258,       210,       310,       387,       350,       270,       275
334,      353,       418,       362,       258,       211,       310,       388,       351,       264,       265
334,      354,       418,       362,       259,       210,       310,       388,       351,       253,       215
334,      354,       418,       362,       258,       210,       311,       388,       351,       255,       225
334,      354,       418,       362,       259,       211,       311,       387,       351,       272,       315
334,      354,       418,       362,       259,       210,       311,       388,       351,       259,       250
334,      353,       418,       362,       259,       211,       311,       387,       351,       264,       270
334,      354,       419,       362,       258,       211,       310,       387,       350,       262,       255
335,      355,       418,       362,       259,       211,       311,       388,       351,       251,       225
334,      354,       419,       362,       258,       210,       311,       388,       351,       250,       205
334,      354,       419,       362,       258,       210,       310,       387,       351,       266,       275
335,      354,       419,       362,       258,       210,       311,       388,       351,       266,       290
335,      353,       419,       363,       258,       210,       311,       388,       351,       253,       225
333,      354,       419,       362,       258,       211,       311,       388,       351,       276,       335
335,      354,       419,       363,       258,       211,       311,       389,       351,       272,       335
335,      354,       419,       363,       258,       210,       311,       388,       350,       260,       260
334,      354,       419,       362,       258,       211,       311,       388,       351,       261,       265
335,      354,       419,       363,       259,       210,       312,       388,       351,       270,       325
335,      354,       419,       363,       259,       210,       311,       388,       351,       252,       230
333,      354,       419,       363,       258,       210,       311,       388,       351,       265,       280
334,      354,       419,       363,       258,       210,       311,       388,       351,       266,       290
335,      354,       420,       363,       259,       210,       311,       389,       351,       256,       260
335,      354,       420,       363,       258,       211,       311,       388,       351,       256,       255
334,      354,       420,       363,       258,       210,       311,       388,       351,       273,       330
335,      354,       420,       364,       258,       211,       312,       388,       352,       258,       280
334,      354,       420,       363,       259,       211,       311,       389,       350,       254,       245
334,      354,       420,       363,       258,       210,       311,       388,       351,       273,       330
334,      354,       420,       364,       258,       211,       312,       389,       352,       256,       270
335,      354,       420,       364,       258,       210,       311,       389,       351,       254,       250
333,      353,       420,       364,       258,       211,       311,       388,       351,       261,       270
335,      354,       420,       364,       258,       210,       311,       388,       351,       270,       325
334,      354,       420,       364,       259,       210,       312,       388,       351,       270,       330
335,      354,       420,       363,       258,       210,       311,       387,       351,       276,       345
334,      354,       420,       363,       258,       211,       310,       387,       351,       267,       295
334,      354,       420,       364,       258,       211,       311,       388,       351,       272,       335
334,      354,       420,       364,       258,       210,       311,       388,       351,       250,       220
334,      354,       420,       363,       257,       211,       310,       387,       350,       282,       360
334,      353,       420,       364,       258,       211,       311,       388,       351,       270,       320
335,      354,       421,       364,       258,       211,       311,       388,       351,       254,       255
335,      353,       420,       364,       258,       210,       311,       388,       351,       254,       240
334,      353,       421,       365,       258,       211,       311,       387,       350,       273,       335
335,      354,       421,       365,       257,       211,       311,       388,       351,       255,       260
334,      354,       421,       365,       258,       211,       311,       387,       350,       263,       290
334,      354,       421,       364,       257,       211,       310,       387,       350,       262,       270
334,      354,       421,       365,       258,       210,       310,       388,       351,       250,       225
335,      354,       421,       364,       257,       211,       310,       387,       351,       250,       220
335,      353,       421,       365,       257,       211,       310,       386,       350,       266,       290
335,      354,       421,       365,       257,       210,       310,       388,       351,       261,       280
334,      354,       421,       365,       258,       210,       310,       388,       351,       252,       235
334,      353,       421,       364,       257,       210,       310,       387,       350,       275,       325
334,      353,       421,       365,       257,       210,       310,       388,       351,       275,       340
336,      354,       421,       366,       257,       211,       311,       388,       351,       257,       280
334,      353,       421,       365,       257,       210,       311,       387,       350,       257,       245
335,      354,       421,       365,       258,       210,       311,       387,       350,       271,       330
335,      354,       421,       366,       258,       210,       311,       389,       351,       258,       285
334,      354,       421,       365,       258,       210,       311,       388,       351,       267,       315
334,      354,       422,       366,       257,       210,       311,       388,       351,       272,       345
335,      355,       421,       366,       258,       210,       311,       389,       351,       255,       275
335,      354,       422,       365,       258,       210,       311,       389,       351,       254,       265
334,      354,       421,       365,       257,       211,       311,       388,       350,       265,       300
335,      355,       422,       366,       258,       210,       311,       388,       351,       271,       355
335,      354,       421,       365,       258,       210,       311,       389,       351,       249,       235
334,      354,       422,       365,       257,       210,       311,       388,       351,       266,       310
334,      354,       422,       365,       258,       211,       311,       388,       351,       271,       345
334,      355,       422,       366,       258,       211,       311,       389,       351,       267,       340
335,      353,       422,       366,       258,       210,       311,       389,       351,       250,       245
335,      354,       422,       366,       257,       210,       311,       388,       351,       276,       370
335,      354,       422,       366,       257,       210,       311,       389,       351,       271,       350
334,      354,       423,       366,       258,       210,       311,       389,       351,       259,       295
335,      354,       422,       366,       257,       210,       311,       388,       352,       253,       260
334,      354,       422,       366,       257,       210,       311,       389,       352,       271,       350
335,      354,       423,       366,       258,       211,       311,       389,       351,       261,       315
334,      355,       422,       366,       257,       210,       311,       389,       351,       253,       260
335,      354,       422,       366,       257,       210,       311,       388,       351,       272,       350
335,      354,       423,       366,       257,       210,       311,       390,       352,       256,       290
335,      354,       422,       367,       258,       210,       311,       389,       351,       260,       305
335,      354,       423,       367,       257,       211,       311,       388,       351,       272,       365
334,      355,       423,       367,       258,       211,       311,       389,       351,       281,       420
335,      354,       423,       367,       258,       211,       311,       390,       352,       255,       300
334,      353,       423,       367,       258,       211,       311,       389,       351,       256,       285
335,      355,       423,       368,       257,       211,       311,       389,       351,       273,       385
335,      355,       423,       367,       258,       211,       312,       390,       352,       252,       295
335,      355,       423,       367,       258,       211,       311,       389,       351,       262,       330
335,      354,       423,       367,       258,       210,       312,       389,       351,       269,       360
335,      355,       423,       368,       258,       211,       312,       390,       351,       274,       405
335,      354,       423,       367,       258,       211,       312,       389,       352,       250,       275
335,      354,       423,       367,       258,       210,       311,       389,       351,       266,       340
336,      355,       424,       368,       258,       210,       312,       390,       352,       266,       375
335,      355,       424,       368,       258,       211,       312,       390,       352,       250,       295
335,      354,       424,       367,       258,       210,       312,       390,       352,       269,       375
335,      354,       424,       367,       258,       210,       312,       390,       352,       274,       400
336,      355,       424,       367,       258,       211,       312,       390,       352,       260,       345
336,      355,       424,       368,       258,       211,       312,       390,       352,       251,       305
335,      354,       424,       367,       258,       211,       312,       390,       352,       271,       390
336,      354,       424,       368,       258,       210,       312,       391,       352,       262,       355
335,      355,       424,       368,       258,       211,       312,       391,       352,       253,       315
336,      354,       424,       367,       258,       211,       312,       391,       352,       255,       320
336,      355,       425,       368,       258,       211,       312,       391,       352,       273,       425
336,      355,       424,       368,       258,       210,       312,       391,       352,       257,       335
335,      354,       424,       368,       257,       211,       311,       390,       352,       254,       300
335,      355,       425,       369,       258,       211,       312,       390,       352,       272,       415
336,      355,       424,       368,       257,       211,       312,       391,       352,       257,       335
334,      354,       424,       369,       258,       211,       312,       390,       352,       257,       325
335,      354,       424,       368,       257,       210,       311,       390,       351,       265,       345
335,      355,       424,       369,       258,       211,       312,       390,       352,       258,       340
335,      354,       424,       369,       258,       211,       312,       390,       352,       257,       330
335,      354,       424,       368,       257,       210,       311,       389,       351,       259,       310
335,      355,       425,       369,       257,       211,       311,       390,       351,       273,       405
335,      355,       425,       369,       257,       211,       312,       390,       352,       257,       335
335,      355,       425,       369,       257,       211,       311,       389,       351,       253,       300
335,      354,       425,       369,       257,       211,       311,       389,       351,       278,       420
335,      354,       425,       369,       257,       210,       311,       389,       351,       270,       375
335,      355,       425,       369,       257,       211,       311,       390,       351,       251,       295
335,      354,       425,       369,       257,       210,       311,       389,       351,       264,       345
335,      355,       425,       369,       257,       211,       311,       389,       351,       263,       350
336,      355,       425,       370,       257,       211,       312,       390,       351,       253,       320
335,      355,       425,       369,       257,       211,       311,       390,       352,       254,       315
336,      353,       425,       369,       257,       211,       311,       389,       351,       262,       340
335,      355,       425,       369,       257,       210,       311,       389,       351,       279,       425
335,      355,       426,       370,       257,       211,       311,       390,       351,       252,       310
336,      355,       425,       369,       257,       210,       311,       389,       351,       252,       295
335,      354,       426,       369,       256,       211,       311,       389,       351,       269,       375
335,      354,       425,       370,       257,       211,       311,       389,       351,       276,       415
336,      354,       425,       369,       257,       211,       311,       389,       351,       255,       310
