0,        1,         2,         3,         4,         5,         6,         7,         8,         9,         "T"
377,10,-64,119,
357,      346,       343,       295,       287,       205,       254,       312,       320,       246,       0
357,      346,       342,       295,       287,       205,       254,       312,       320,       244,       0
357,      345,       342,       295,       286,       205,       254,       312,       320,       243,       0
357,      345,       341,       295,       287,       205,       254,       312,       320,       249,       0
357,      346,       341,       295,       287,       204,       254,       312,       320,       234,       0
357,      345,       341,       295,       286,       205,       254,       312,       320,       248,       0
358,      346,       341,       295,       287,       204,       254,       312,       320,       240,       0
357,      345,       341,       295,       287,       204,       254,       312,       320,       243,       0
357,      346,       341,       296,       287,       204,       255,       313,       321,       228,       0
356,      345,       341,       295,       286,       204,       254,       313,       321,       244,       0
357,      346,       341,       295,       287,       205,       255,       313,       321,       250,       0
357,      346,       341,       295,       286,       204,       255,       312,       320,       233,       0
357,      345,       342,       295,       286,       205,       253,       312,       319,       257,       0
357,      346,       342,       296,       287,       204,       254,       312,       320,       243,       0
357,      345,       342,       295,       287,       205,       254,       313,       320,       232,       0
357,      346,       342,       295,       286,       205,       254,       312,       320,       233,       0
357,      346,       342,       295,       286,       205,       254,       312,       320,       244,       0
357,      346,       342,       295,       287,       205,       255,       313,       321,       229,       0
357,      346,       342,       295,       286,       205,       254,       312,       320,       230,       0
357,      345,       342,       295,       285,       204,       254,       312,       320,       248,       0
358,      345,       342,       295,       286,       204,       254,       312,       320,       239,       0
358,      346,       343,       295,       286,       205,       254,       312,       320,       231,       -35
357,      345,       343,       295,       286,       204,       254,       312,       320,       239,       -10
357,      346,       342,       295,       286,       205,       254,       312,       320,       248,       40
358,      346,       342,       295,       286,       204,       254,       313,       320,       237,       -10
357,      345,       343,       295,       286,       205,       254,       312,       320,       231,       -45
357,      345,       342,       295,       286,       204,       254,       312,       320,       242,       0
358,      346,       342,       295,       287,       204,       255,       313,       320,       231,       -30
357,      345,       343,       295,       286,       205,       254,       312,       320,       234,       -30
357,      346,       342,       295,       286,       204,       254,       312,       320,       248,       35
357,      346,       342,       295,       287,       204,       255,       312,       320,       242,       15
358,      346,       343,       295,       287,       204,       255,       313,       320,       229,       -35
356,      346,       342,       295,       287,       204,       255,       312,       320,       239,       -5
357,      345,       343,       295,       287,       204,       256,       312,       321,       251,       70
358,      346,       342,       295,       287,       204,       256,       314,       321,       230,       -20
358,      346,       343,       294,       287,       204,       254,       312,       320,       242,       15
358,      346,       343,       295,       287,       204,       254,       312,       321,       247,       50
358,      346,       342,       295,       286,       204,       254,       313,       321,       234,       -20
357,      346,       342,       295,       287,       204,       255,       313,       321,       231,       -30
357,      345,       342,       295,       287,       205,       255,       312,       321,       244,       30
358,      346,       342,       295,       287,       204,       256,       313,       321,       245,       50
358,      346,       342,       295,       287,       204,       255,       313,       321,       232,       -20
358,      346,       342,       295,       287,       205,       255,       313,       321,       233,       -10
358,      346,       342,       295,       287,       205,       255,       314,       321,       237,       15
359,      346,       342,       295,       288,       204,       256,       314,       322,       228,       -15
359,      346,       342,       295,       288,       205,       255,       313,       321,       241,       40
359,      347,       342,       296,       288,       204,       256,       313,       321,       248,       85
359,      347,       342,       295,       288,       204,       256,       314,       321,       235,       20
359,      346,       342,       295,       288,       204,       256,       315,       323,       229,       0
360,      346,       343,       295,       288,       204,       256,       314,       322,       245,       80
359,      347,       343,       296,       288,       204,       256,       315,       322,       250,       115
359,      347,       343,       295,       288,       205,       256,       314,       322,       232,       20
360,      347,       343,       295,       288,       205,       255,       314,       322,       245,       85
360,      347,       343,       295,       289,       204,       256,       315,       323,       244,       95
360,      347,       343,       295,       289,       205,       256,       315,       322,       231,       30
359,      347,       343,       295,       288,       204,       256,       314,       322,       237,       40
360,      347,       343,       295,       289,       204,       255,       314,       321,       247,       90
360,      346,       343,       295,       289,       205,       256,       315,       322,       243,       85
360,      346,       343,       295,       288,       205,       256,       314,       322,       230,       10
360,      347,       343,       295,       289,       204,       256,       314,       322,       249,       110
360,      347,       343,       295,       289,       204,       257,       315,       323,       234,       50
360,      347,       343,       295,       289,       205,       256,       315,       323,       230,       30
360,      346,       343,       295,       288,       204,       256,       314,       322,       246,       85
360,      347,       343,       295,       289,       205,       257,       315,       323,       259,       180
361,      348,       344,       295,       289,       204,       257,       315,       323,       236,       75
360,      347,       343,       295,       289,       205,       256,       315,       323,       232,       40
361,      347,       343,       295,       289,       204,       257,       316,       324,       240,       95
361,      348,       343,       295,       290,       205,       257,       316,       323,       246,       135
361,      348,       343,       295,       289,       204,       257,       315,       322,       242,       95
361,      348,       344,       295,       290,       205,       257,       316,       323,       249,       155
361,      348,       343,       295,       290,       204,       258,       316,       324,       235,       85
361,      348,       344,       295,       289,       204,       257,       316,       324,       230,       55
361,      347,       343,       295,       289,       205,       257,       315,       323,       244,       110
362,      349,       343,       296,       290,       204,       257,       316,       323,       249,       160
362,      349,       342,       296,       290,       205,       257,       316,       324,       233,       85
361,      347,       342,       295,       289,       204,       257,       316,       324,       233,       55
362,      348,       342,       295,       289,       205,       257,       316,       324,       240,       105
362,      348,       342,       295,       288,       204,       257,       316,       324,       229,       40
361,      348,       342,       296,       289,       204,       257,       316,       324,       241,       105
363,      349,       342,       296,       290,       205,       257,       315,       323,       248,       155
362,      349,       342,       295,       289,       204,       257,       316,       324,       236,       85
361,      349,       342,       296,       289,       204,       257,       315,       323,       231,       50
361,      348,       342,       296,       289,       205,       257,       315,       323,       246,       125
362,      349,       342,       296,       289,       205,       258,       316,       324,       229,       65
363,      349,       343,       296,       289,       205,       257,       316,       323,       234,       90
362,      349,       342,       296,       288,       205,       257,       315,       323,       254,       170
362,      349,       342,       296,       288,       204,       257,       316,       324,       242,       115
362,      349,       343,       295,       289,       205,       258,       316,       324,       242,       130
363,      348,       343,       296,       289,       204,       257,       315,       323,       242,       115
363,      349,       344,       296,       289,       205,       258,       315,       323,       248,       165
362,      349,       344,       296,       289,       204,       257,       316,       323,       235,       90
363,      349,       344,       296,       289,       205,       257,       316,       323,       232,       85
363,      348,       344,       296,       289,       205,       257,       315,       323,       246,       145
363,      349,       344,       296,       289,       205,       257,       316,       324,       229,       75
362,      348,       344,       296,       288,       204,       256,       315,       323,       244,       115
363,      349,       344,       296,       288,       204,       257,       315,       323,       257,       195
363,      349,       344,       296,       288,       204,       257,       315,       323,       234,       80
362,      349,       344,       296,       288,       205,       257,       316,       323,       231,       70
363,      349,       344,       296,       287,       204,       256,       315,       323,       247,       135
363,      350,       344,       296,       288,       204,       257,       315,       323,       252,       175
363,      349,       344,       296,       288,       204,       256,       315,       322,       240,       100
363,      349,       344,       296,       287,       205,       256,       315,       322,       255,       175
364,      349,       344,       296,       287,       204,       257,       315,       323,       239,       105
362,      349,       344,       297,       288,       204,       257,       315,       323,       230,       60
362,      348,       344,       296,       288,       205,       256,       315,       323,       243,       115
363,      349,       344,       297,       288,       204,       256,       314,       322,       249,       145
364,      350,       344,       296,       288,       204,       257,       315,       323,       234,       90
363,      350,       344,       296,       287,       204,       256,       315,       323,       231,       60
363,      350,       345,       296,       287,       204,       256,       314,       322,       244,       120
364,      349,       344,       297,       288,       204,       257,       315,       323,       248,       160
363,      349,       345,       297,       287,       204,       257,       314,       322,       239,       100
363,      349,       344,       296,       287,       204,       256,       313,       321,       248,       120
364,      350,       345,       297,       287,       204,       256,       314,       322,       239,       105
364,      350,       344,       296,       286,       205,       256,       314,       322,       231,       55
364,      350,       344,       297,       286,       204,       256,       314,       322,       244,       120
364,      349,       344,       297,       287,       204,       256,       314,       322,       231,       55
365,      349,       345,       297,       287,       205,       256,       314,       322,       236,       95
364,      349,       345,       297,       286,       204,       256,       314,       322,       251,       155
365,      350,       345,       297,       286,       205,       256,       314,       322,       243,       130
364,      349,       345,       297,       286,       205,       256,       314,       322,       229,       50
364,      349,       344,       297,       286,       204,       255,       313,       321,       242,       90
364,      350,       345,       297,       286,       204,       256,       313,       321,       251,       150
364,      349,       345,       298,       286,       205,       256,       314,       322,       236,       90
364,      349,       344,       296,       285,       204,       255,       313,       322,       233,       40
363,      350,       345,       297,       286,       204,       255,       314,       322,       248,       135
363,      349,       344,       297,       286,       205,       256,       314,       322,       230,       45
364,      350,       345,       297,       286,       204,       256,       313,       322,       230,       50
364,      350,       345,       297,       286,       205,       255,       313,       322,       249,       145
364,      350,       345,       297,       286,       204,       256,       314,       322,       234,       75
363,      349,       345,       296,       286,       204,       256,       313,       322,       232,       45
363,      349,       345,       297,       285,       204,       255,       314,       321,       247,       115
364,      350,       345,       297,       286,       205,       255,       313,       321,       247,       130
364,      350,       345,       297,       286,       204,       255,       313,       321,       242,       100
364,      349,       345,       297,       286,       204,       255,       313,       322,       238,       80
364,      350,       345,       298,       286,       205,       256,       314,       322,       236,       95
364,      349,       345,       298,       286,       205,       256,       313,       322,       233,       70
363,      350,       345,       297,       285,       204,       255,       312,       321,       244,       95
364,      350,       345,       297,       286,       204,       255,       313,       321,       247,       125
364,      350,       345,       298,       286,       205,       256,       314,       322,       232,       75
364,      349,       345,       297,       285,       205,       256,       314,       322,       232,       60
364,      350,       345,       298,       286,       204,       256,       314,       322,       250,       160
365,      350,       346,       298,       286,       204,       256,       313,       322,       247,       150
364,      350,       345,       297,       286,       204,       255,       313,       321,       243,       105
364,      350,       345,       298,       286,       204,       256,       313,       322,       239,       100
365,      350,       345,       298,       286,       204,       256,       314,       322,       233,       80
364,      349,       345,       297,       286,       204,       255,       314,       322,       232,       55
364,      349,       346,       298,       286,       204,       256,       313,       322,       246,       135
364,      350,       345,       298,       286,       204,       256,       313,       322,       245,       130
364,      350,       345,       298,       286,       204,       256,       313,       323,       231,       65
364,      350,       345,       298,       286,       205,       256,       313,       322,       255,       185
364,      349,       345,       298,       286,       205,       256,       314,       322,       257,       195
364,      349,       345,       298,       286,       204,       256,       314,       322,       235,       80
363,      349,       345,       298,       286,       204,       255,       313,       321,       246,       115
364,      350,       345,       298,       286,       204,       256,       313,       322,       248,       145
365,      350,       345,       298,       286,       204,       256,       314,       322,       238,       105
363,      349,       345,       297,       285,       204,       255,       313,       322,       234,       50
364,      350,       346,       298,       286,       204,       256,       313,       322,       249,       155
364,      350,       345,       298,       286,       204,       256,       313,       322,       244,       125
364,      350,       345,       298,       286,       205,       255,       314,       322,       231,       65
364,      349,       346,       298,       286,       204,       255,       313,       322,       247,       135
364,      349,       346,       298,       286,       205,       256,       314,       322,       236,       95
364,      349,       345,       298,       285,       204,       256,       314,       322,       242,       110
364,      349,       345,       298,       286,       204,       256,       314,       322,       229,       50
364,      349,       346,       298,       285,       204,       255,       313,       322,       239,       90
364,      349,       346,       299,       286,       205,       257,       314,       322,       249,       170
364,      350,       346,       298,       286,       204,       255,       313,       322,       241,       110
364,      350,       345,       298,       286,       204,       255,       313,       321,       247,       130
364,      349,       346,       298,       286,       204,       256,       313,       322,       243,       120
365,      350,       346,       299,       287,       204,       256,       314,       322,       232,       90
364,      350,       346,       298,       286,       204,       256,       314,       322,       235,       90
364,      350,       345,       298,       286,       205,       256,       313,       322,       248,       150
365,      350,       346,       298,       286,       205,       256,       314,       322,       245,       150
365,      350,       346,       299,       287,       205,       257,       314,       323,       233,       110
363,      349,       345,       298,       286,       204,       256,       313,       322,       237,       80
364,      350,       346,       299,       286,       204,       256,       314,       322,       252,       180
365,      350,       346,       299,       287,       205,       256,       314,       323,       240,       140
364,      350,       346,       298,       286,       205,       256,       313,       322,       245,       140
364,      350,       346,       299,       287,       204,       256,       314,       322,       242,       135
364,      350,       346,       299,       287,       205,       257,       314,       323,       232,       100
364,      350,       346,       299,       287,       205,       257,       314,       323,       235,       115
364,      349,       346,       299,       286,       204,       255,       313,       322,       247,       140
364,      351,       345,       299,       287,       204,       256,       315,       323,       243,       150
365,      350,       346,       299,       287,       204,       257,       315,       323,       230,       95
364,      350,       346,       299,       287,       204,       256,       314,       322,       249,       170
365,      350,       346,       299,       287,       204,       257,       315,       323,       251,       200
364,      350,       346,       299,       287,       204,       257,       315,       323,       232,       100
364,      350,       346,       299,       287,       204,       256,       314,       322,       229,       70
365,      351,       346,       299,       288,       204,       256,       315,       323,       245,       175
365,      350,       346,       299,       288,       204,       257,       315,       323,       232,       110
365,      349,       346,       299,       287,       204,       257,       315,       323,       239,       135
365,      350,       346,       299,       287,       205,       257,       315,       323,       250,       200
365,      350,       346,       299,       288,       204,       257,       316,       324,       239,       155
365,      349,       346,       299,       288,       204,       257,       316,       323,       229,       95
363,      349,       346,       299,       288,       204,       257,       315,       323,       242,       145
364,      350,       346,       299,       288,       204,       257,       315,       323,       249,       190
364,      350,       346,       299,       288,       204,       257,       316,       324,       234,       125
363,      350,       346,       300,       287,       204,       257,       315,       323,       249,       185
364,      350,       347,       300,       287,       205,       257,       316,       324,       245,       190
364,      350,       346,       300,       287,       205,       258,       316,       324,       234,       135
364,      349,       347,       299,       287,       204,       257,       315,       323,       235,       115
364,      350,       347,       299,       287,       205,       257,       316,       323,       256,       235
364,      350,       346,       299,       288,       204,       257,       315,       323,       242,       155
363,      350,       347,       300,       287,       205,       257,       314,       323,       244,       165
364,      350,       347,       299,       287,       205,       256,       314,       323,       257,       225
364,      350,       347,       300,       287,       205,       257,       315,       323,       234,       125
364,      350,       347,       300,       287,       205,       256,       314,       323,       232,       105
364,      349,       346,       299,       286,       204,       256,       314,       322,       246,       145
365,      350,       347,       299,       286,       205,       255,       313,       322,       247,       160
364,      350,       347,       299,       285,       204,       256,       315,       323,       233,       95
364,      349,       347,       299,       286,       205,       256,       314,       323,       236,       110
364,      349,       346,       299,       286,       205,       256,       314,       322,       248,       160
364,      349,       347,       300,       286,       205,       256,       314,       322,       245,       155
364,      349,       346,       299,       286,       204,       255,       313,       322,       241,       110
364,      349,       347,       300,       286,       204,       256,       313,       322,       250,       170
365,      350,       347,       300,       286,       205,       256,       314,       323,       240,       145
364,      350,       346,       299,       285,       204,       255,       313,       322,       230,       55
364,      349,       347,       300,       285,       204,       256,       313,       322,       242,       125
364,      349,       347,       300,       286,       205,       256,       314,       323,       234,       105
365,      350,       347,       300,       286,       204,       256,       314,       322,       236,       115
364,      349,       347,       299,       286,       204,       255,       312,       321,       247,       135
365,      350,       346,       300,       286,       204,       255,       313,       322,       246,       150
364,      350,       347,       300,       286,       204,       256,       314,       322,       231,       85
364,      349,       347,       299,       285,       204,       255,       313,       322,       233,       70
363,      349,       346,       300,       285,       204,       255,       312,       321,       249,       135
365,      350,       347,       300,       286,       205,       256,       313,       322,       245,       160
365,      350,       347,       300,       286,       204,       256,       313,       322,       229,       75
364,      349,       347,       299,       285,       204,       255,       313,       322,       236,       85
365,      350,       347,       300,       286,       205,       256,       314,       322,       236,       120
365,      350,       347,       301,       286,       204,       256,       313,       322,       242,       145
364,      350,       347,       300,       286,       204,       255,       313,       322,       244,       140
364,      350,       347,       300,       286,       205,       256,       313,       322,       248,       170
365,      350,       347,       300,       285,       204,       256,       314,       322,       236,       110
364,      349,       347,       301,       286,       204,       256,       314,       323,       231,       90
365,      349,       347,       301,       286,       205,       255,       313,       322,       242,       140
365,      350,       347,       301,       286,       204,       255,       313,       322,       248,       170
365,      350,       347,       301,       286,       204,       256,       314,       323,       236,       125
364,      349,       347,       300,       285,       204,       255,       313,       322,       234,       80
364,      350,       347,       300,       286,       205,       256,       313,       322,       244,       150
365,      350,       346,       301,       286,       204,       256,       314,       323,       232,       100
364,      350,       347,       300,       285,       204,       255,       313,       321,       236,       90
365,      350,       348,       301,       286,       205,       257,       313,       322,       249,       195
364,      349,       347,       300,       285,       204,       255,       313,       322,       233,       75
365,      350,       348,       300,       286,       204,       256,       313,       322,       239,       130
365,      350,       348,       301,       286,       205,       256,       314,       322,       229,       95
364,      349,       348,       300,       285,       204,       255,       313,       322,       248,       155
364,      350,       347,       301,       286,       204,       256,       314,       323,       229,       85
363,      349,       347,       300,       285,       204,       255,       312,       322,       243,       115
364,      350,       348,       301,       286,       205,       256,       314,       323,       231,       105
363,      349,       348,       300,       285,       204,       255,       313,       322,       238,       100
365,      349,       348,       301,       285,       205,       256,       314,       322,       251,       195
364,      349,       347,       301,       285,       205,       255,       313,       322,       233,       85
364,      349,       348,       301,       285,       205,       256,       313,       322,       239,       125
364,      349,       347,       300,       285,       204,       256,       313,       322,       230,       65
364,      350,       348,       301,       285,       205,       255,       313,       322,       243,       145
364,      350,       348,       301,       286,       204,       255,       312,       322,       248,       165
365,      349,       348,       301,       286,       205,       255,       313,       322,       236,       115
364,      349,       348,       300,       284,       204,       254,       312,       322,       234,       70
365,      350,       348,       301,       285,       205,       255,       313,       322,       244,       155
365,      350,       348,       302,       285,       204,       256,       313,       322,       231,       95
364,      350,       347,       301,       285,       204,       255,       312,       321,       235,       85
364,      349,       348,       301,       285,       205,       255,       312,       322,       258,       210
365,      349,       348,       301,       285,       205,       255,       313,       322,       242,       140
364,      350,       348,       301,       285,       205,       256,       313,       322,       229,       80
364,      349,       348,       301,       285,       204,       255,       312,       321,       241,       115
363,      349,       348,       301,       285,       204,       255,       312,       321,       269,       250
364,      350,       348,       301,       285,       204,       255,       313,       322,       231,       80
364,      350,       348,       301,       285,       204,       254,       312,       322,       244,       135
364,      350,       348,       301,       285,       204,       255,       312,       321,       252,       175
364,      349,       348,       301,       285,       205,       255,       312,       321,       233,       80
364,      349,       348,       301,       284,       204,       255,       312,       322,       233,       75
364,      349,       349,       301,       285,       204,       255,       312,       321,       247,       150
364,      349,       348,       301,       284,       204,       255,       311,       321,       248,       140
363,      349,       348,       301,       285,       205,       255,       312,       321,       239,       105
364,      349,       347,       301,       284,       204,       255,       311,       321,       233,       60
364,      349,       347,       301,       284,       204,       255,       312,       322,       239,       100
364,      349,       348,       301,       284,       204,       255,       312,       322,       230,       60
364,      349,       348,       301,       284,       204,       255,       311,       321,       241,       105
364,      349,       348,       301,       283,       204,       254,       311,       321,       249,       135
364,      349,       348,       301,       284,       204,       255,       312,       321,       239,       100
363,      349,       348,       301,       284,       204,       255,       312,       322,       229,       50
364,      349,       348,       301,       284,       205,       254,       312,       321,       242,       115
365,      350,       348,       301,       285,       205,       254,       311,       321,       249,       160
365,      350,       349,       302,       285,       204,       255,       311,       321,       234,       95
364,      349,       348,       302,       284,       205,       255,       312,       322,       249,       165
364,      350,       348,       301,       284,       204,       255,       312,       321,       245,       135
365,      349,       348,       301,       284,       204,       254,       312,       321,       230,       55
364,      350,       348,       302,       284,       204,       255,       311,       321,       232,       70
363,      349,       348,       301,       284,       205,       255,       312,       322,       248,       150
364,      350,       348,       302,       284,       205,       255,       312,       321,       245,       145
364,      349,       348,       301,       284,       204,       255,       311,       321,       241,       105
363,      349,       348,       301,       284,       204,       254,       311,       321,       240,       90
364,      349,       348,       302,       284,       204,       255,       312,       322,       235,       90
365,      349,       348,       302,       285,       204,       255,       312,       321,       230,       70
364,      349,       348,       302,       284,       205,       254,       311,       321,       246,       135
364,      350,       349,       302,       284,       205,       255,       312,       322,       249,       175
364,      350,       349,       302,       285,       205,       255,       312,       322,       237,       120
364,      349,       349,       302,       285,       205,       255,       312,       322,       231,       85
364,      349,       347,       301,       284,       204,       255,       312,       321,       251,       155
365,      350,       349,       302,       286,       205,       255,       312,       321,       246,       170
364,      349,       348,       302,       285,       204,       255,       312,       321,       239,       110
363,      349,       348,       302,       285,       204,       255,       312,       322,       234,       85
364,      349,       349,       302,       285,       204,       255,       312,       321,       245,       145
365,      349,       349,       302,       286,       204,       255,       312,       322,       229,       80
364,      349,       349,       302,       286,       205,       256,       313,       322,       234,       115
364,      349,       349,       302,       285,       204,       255,       313,       322,       250,       180
364,      349,       348,       302,       286,       204,       256,       313,       322,       239,       130
364,      349,       349,       302,       286,       205,       256,       313,       322,       241,       150
364,      349,       349,       302,       286,       205,       255,       313,       322,       248,       180
364,      349,       348,       302,       287,       204,       256,       313,       322,       253,       205
364,      349,       349,       303,       287,       205,       257,       314,       324,       238,       165
363,      349,       349,       302,       286,       205,       256,       313,       323,       234,       115
363,      349,       348,       302,       287,       204,       256,       313,       323,       247,       175
364,      349,       349,       302,       287,       205,       257,       315,       323,       231,       125
363,      348,       349,       302,       287,       204,       257,       314,       323,       234,       120
363,      348,       349,       302,       286,       204,       256,       314,       322,       258,       225
364,      348,       349,       302,       287,       205,       256,       314,       323,       245,       180
364,      349,       349,       302,       288,       205,       257,       315,       324,       230,       130
363,      348,       349,       302,       288,       205,       257,       315,       324,       236,       150
363,      348,       349,       302,       286,       204,       256,       314,       323,       249,       185
364,      349,       349,       303,       288,       204,       257,       315,       323,       241,       180
363,      349,       349,       302,       287,       204,       257,       315,       323,       230,       110
363,      349,       348,       302,       287,       204,       257,       315,       323,       239,       150
364,      349,       349,       302,       288,       205,       257,       315,       323,       251,       230
363,      350,       349,       303,       288,       205,       257,       315,       324,       239,       180
363,      348,       349,       302,       287,       204,       257,       314,       324,       229,       100
364,      348,       349,       302,       287,       205,       256,       314,       323,       248,       195
363,      348,       349,       302,       287,       204,       257,       315,       324,       235,       135
362,      349,       349,       302,       287,       204,       257,       315,       324,       233,       125
363,      349,       349,       302,       287,       205,       256,       314,       324,       245,       185
363,      349,       349,       302,       287,       204,       256,       314,       323,       247,       185
364,      348,       349,       303,       288,       205,       257,       315,       324,       234,       150
363,      349,       349,       302,       287,       204,       256,       314,       324,       232,       115
363,      348,       348,       302,       287,       204,       256,       314,       323,       247,       175
363,      349,       349,       302,       287,       205,       257,       315,       324,       232,       130
364,      349,       349,       303,       288,       205,       257,       315,       323,       233,       145
363,      349,       349,       302,       287,       205,       256,       315,       323,       233,       125
364,      349,       349,       302,       287,       204,       257,       315,       324,       240,       170
363,      349,       350,       303,       288,       204,       257,       315,       323,       245,       200
362,      348,       349,       302,       287,       205,       257,       314,       322,       242,       155
364,      348,       349,       302,       287,       205,       256,       315,       323,       254,       230
364,      348,       349,       303,       288,       205,       257,       314,       323,       235,       145
363,      349,       349,       303,       287,       205,       257,       315,       324,       233,       140
363,      348,       349,       303,       287,       204,       257,       314,       323,       248,       195
363,      349,       350,       303,       287,       204,       257,       315,       323,       247,       205
363,      349,       349,       303,       288,       204,       257,       314,       324,       231,       125
363,      348,       349,       303,       287,       205,       257,       316,       324,       234,       145
363,      349,       349,       303,       288,       204,       257,       315,       324,       250,       225
364,      349,       349,       303,       288,       204,       257,       315,       324,       242,       190
363,      349,       349,       302,       288,       204,       256,       314,       323,       243,       170
363,      349,       349,       303,       287,       204,       257,       315,       324,       250,       220
364,      349,       349,       303,       288,       205,       257,       315,       324,       235,       160
363,      349,       349,       304,       288,       205,       257,       315,       323,       234,       150
363,      348,       349,       303,       287,       205,       257,       314,       323,       246,       190
363,      348,       349,       303,       287,       205,       257,       315,       324,       229,       115
363,      348,       350,       303,       288,       205,       257,       315,       324,       232,       140
364,      348,       350,       303,       287,       204,       257,       315,       324,       255,       250
363,      348,       350,       303,       288,       204,       257,       315,       324,       240,       175
363,      348,       349,       303,       288,       204,       257,       315,       324,       231,       125
363,      348,       349,       303,       288,       204,       257,       315,       324,       241,       175
363,      348,       350,       303,       288,       204,       257,       315,       324,       252,       235
363,      349,       350,       303,       288,       204,       257,       316,       325,       236,       170
363,      348,       350,       303,       287,       204,       257,       315,       324,       233,       135
364,      347,       350,       303,       288,       204,       257,       315,       324,       245,       200
363,      348,       350,       303,       288,       205,       258,       316,       325,       230,       145
363,      348,       349,       303,       288,       205,       258,       315,       325,       237,       170
364,      348,       350,       304,       288,       205,       257,       315,       324,       250,       240
363,      349,       349,       303,       288,       205,       257,       315,       324,       242,       190
363,      349,       350,       303,       288,       204,       257,       315,       324,       233,       145
363,      349,       350,       303,       288,       204,       256,       314,       323,       241,       170
363,      348,       350,       302,       287,       204,       256,       314,       323,       249,       195
364,      348,       350,       304,       288,       204,       258,       316,       324,       237,       180
364,      349,       350,       303,       288,       205,       257,       315,       324,       231,       145
362,      348,       350,       303,       288,       204,       258,       315,       324,       245,       200
363,      348,       350,       303,       288,       205,       257,       315,       324,       250,       230
363,      349,       350,       303,       288,       205,       257,       316,       324,       233,       155
