0,        1,         2,         3,         4,         5,         6,         7,         8,         9,         "T"
377,10,-64,119,
341,      336,       356,       306,       268,       206,       295,       359,       362,       265,       0
340,      335,       356,       305,       268,       206,       295,       360,       362,       240,       0
340,      336,       356,       305,       269,       206,       295,       359,       361,       248,       0
341,      335,       356,       306,       268,       206,       295,       360,       361,       243,       0
340,      336,       356,       305,       268,       206,       295,       359,       361,       244,       0
341,      336,       357,       306,       268,       206,       295,       359,       361,       257,       0
341,      335,       357,       306,       268,       206,       296,       359,       361,       242,       0
340,      336,       357,       305,       268,       206,       294,       358,       361,       261,       0
340,      336,       357,       306,       268,       206,       295,       359,       362,       242,       0
340,      335,       357,       305,       268,       206,       295,       360,       362,       241,       0
340,      335,       357,       306,       268,       206,       295,       359,       361,       257,       0
341,      336,       356,       305,       268,       206,       295,       359,       361,       245,       0
340,      336,       356,       305,       268,       205,       295,       359,       361,       239,       0
340,      335,       356,       305,       268,       205,       294,       358,       361,       260,       0
341,      335,       356,       305,       268,       206,       295,       358,       361,       256,       0
340,      336,       356,       305,       268,       206,       295,       359,       362,       237,       0
338,      335,       356,       305,       269,       206,       295,       359,       362,       245,       0
340,      335,       356,       305,       268,       206,       295,       359,       361,       257,       0
340,      335,       356,       306,       268,       206,       295,       360,       362,       244,       0
340,      335,       356,       305,       268,       206,       295,       360,       362,       240,       0
340,      335,       356,       305,       268,       206,       294,       358,       361,       258,       0
340,      336,       355,       305,       269,       206,       295,       360,       362,       249,       25
340,      336,       355,       306,       269,       206,       296,       360,       362,       236,       -30
339,      334,       355,       305,       269,       206,       295,       359,       361,       253,       20
339,      335,       355,       305,       268,       206,       295,       359,       362,       260,       60
341,      334,       355,       305,       269,       207,       296,       360,       362,       241,       -10
340,      335,       355,       305,       269,       206,       295,       360,       362,       244,       -5
340,      335,       355,       305,       268,       205,       295,       359,       362,       262,       70
340,      335,       355,       305,       269,       206,       296,       360,       362,       241,       -15
339,      335,       355,       305,       268,       206,       295,       360,       362,       241,       -30
339,      334,       355,       304,       268,       206,       295,       359,       361,       257,       30
339,      335,       355,       304,       268,       206,       295,       359,       362,       249,       0
340,      335,       355,       305,       269,       206,       296,       360,       362,       237,       -35
341,      334,       355,       304,       268,       205,       295,       358,       361,       251,       0
340,      335,       355,       305,       269,       206,       295,       359,       362,       254,       40
340,      335,       354,       305,       269,       206,       296,       360,       363,       258,       70
340,      336,       355,       305,       269,       205,       295,       360,       362,       244,       -5
340,      335,       355,       304,       269,       206,       295,       359,       363,       244,       -10
341,      335,       355,       305,       269,       206,       295,       360,       363,       250,       35
341,      335,       354,       305,       269,       206,       295,       360,       363,       247,       15
340,      335,       355,       305,       269,       206,       295,       359,       362,       260,       70
340,      334,       355,       305,       269,       206,       295,       359,       362,       252,       25
341,      336,       355,       305,       269,       206,       296,       360,       363,       253,       60
341,      336,       356,       305,       269,       206,       296,       360,       362,       238,       -15
340,      335,       355,       305,       269,       206,       296,       359,       362,       247,       10
341,      335,       355,       305,       269,       206,       296,       360,       363,       239,       -15
341,      336,       355,       305,       269,       205,       296,       360,       363,       242,       0
341,      335,       355,       305,       268,       206,       295,       360,       362,       261,       80
341,      336,       356,       305,       269,       206,       296,       360,       362,       254,       65
341,      336,       355,       305,       269,       206,       296,       360,       363,       238,       -15
341,      335,       356,       305,       269,       206,       295,       360,       362,       236,       -35
341,      336,       356,       305,       268,       206,       295,       360,       362,       255,       60
342,      336,       356,       306,       269,       206,       295,       359,       362,       259,       90
342,      336,       357,       306,       269,       206,       295,       359,       362,       240,       0
342,      335,       356,       305,       268,       206,       296,       360,       362,       243,       5
341,      335,       357,       306,       269,       206,       296,       360,       362,       258,       90
343,      336,       357,       305,       269,       206,       296,       360,       363,       245,       40
342,      336,       357,       305,       268,       206,       295,       359,       363,       238,       -15
341,      336,       357,       306,       269,       206,       296,       359,       362,       252,       60
342,      337,       357,       306,       270,       205,       297,       360,       362,       255,       95
342,      336,       357,       305,       270,       205,       297,       360,       363,       239,       10
342,      336,       357,       306,       269,       206,       295,       360,       362,       248,       45
343,      336,       357,       306,       270,       206,       296,       361,       363,       240,       30
343,      336,       357,       306,       269,       206,       296,       361,       363,       252,       85
342,      336,       358,       306,       269,       206,       296,       360,       363,       240,       20
343,      336,       358,       306,       269,       206,       296,       361,       363,       255,       105
344,      336,       358,       306,       270,       206,       297,       362,       363,       248,       90
342,      337,       358,       307,       270,       206,       297,       361,       363,       237,       30
343,      336,       358,       306,       270,       206,       297,       361,       363,       251,       95
343,      338,       358,       307,       269,       206,       297,       361,       363,       256,       130
344,      337,       358,       307,       270,       206,       297,       362,       364,       240,       65
343,      337,       359,       306,       270,       206,       297,       361,       363,       257,       135
343,      337,       358,       307,       270,       206,       297,       362,       363,       258,       145
344,      337,       358,       307,       270,       206,       297,       362,       364,       249,       110
343,      337,       359,       306,       270,       206,       298,       362,       363,       239,       55
344,      337,       359,       307,       270,       206,       297,       361,       363,       255,       135
344,      337,       358,       307,       270,       206,       297,       362,       364,       254,       135
344,      337,       358,       307,       270,       206,       298,       363,       365,       241,       85
343,      337,       358,       307,       270,       206,       298,       363,       364,       245,       95
344,      337,       358,       307,       270,       205,       298,       363,       364,       257,       155
344,      338,       358,       307,       270,       206,       298,       363,       364,       243,       95
344,      338,       359,       307,       270,       206,       298,       363,       364,       240,       85
344,      337,       358,       307,       270,       206,       298,       363,       364,       258,       165
345,      338,       358,       307,       271,       206,       299,       363,       365,       251,       155
344,      337,       359,       306,       271,       206,       298,       364,       365,       240,       90
344,      337,       359,       307,       270,       206,       299,       363,       365,       250,       140
344,      338,       359,       308,       270,       205,       299,       363,       364,       258,       180
344,      338,       359,       308,       271,       206,       298,       364,       366,       242,       120
344,      338,       359,       307,       271,       206,       299,       363,       365,       243,       115
344,      337,       359,       308,       271,       205,       299,       364,       365,       260,       200
345,      337,       359,       308,       271,       206,       299,       364,       365,       251,       165
345,      338,       359,       307,       271,       206,       299,       364,       365,       238,       100
345,      337,       359,       308,       272,       206,       299,       364,       364,       264,       230
345,      338,       359,       308,       272,       206,       299,       364,       365,       260,       220
345,      338,       359,       308,       272,       206,       300,       365,       366,       241,       140
345,      337,       359,       308,       271,       206,       300,       364,       365,       245,       140
345,      338,       360,       307,       271,       206,       299,       364,       366,       257,       205
344,      338,       360,       308,       271,       206,       300,       364,       366,       271,       280
345,      338,       360,       308,       271,       206,       300,       365,       366,       238,       125
345,      338,       360,       308,       271,       206,       299,       364,       366,       237,       110
345,      338,       359,       309,       271,       206,       300,       365,       365,       253,       195
345,      338,       360,       309,       271,       206,       300,       365,       365,       256,       215
345,      338,       360,       309,       271,       206,       300,       365,       365,       238,       125
345,      338,       360,       308,       272,       206,       300,       365,       366,       246,       170
345,      338,       360,       309,       272,       206,       301,       366,       367,       263,       275
345,      339,       360,       309,       272,       206,       300,       366,       366,       247,       190
345,      338,       360,       309,       271,       206,       300,       365,       366,       240,       140
345,      338,       360,       309,       271,       206,       300,       365,       366,       254,       210
346,      339,       360,       309,       272,       206,       300,       366,       366,       255,       235
345,      339,       360,       309,       272,       206,       301,       367,       366,       239,       160
344,      338,       361,       309,       272,       206,       300,       365,       366,       269,       290
345,      339,       360,       309,       272,       205,       300,       366,       366,       260,       250
347,      339,       360,       309,       272,       206,       300,       366,       366,       241,       170
345,      338,       361,       309,       272,       206,       300,       366,       366,       246,       185
345,      337,       361,       309,       271,       206,       300,       365,       366,       259,       235
346,      338,       361,       310,       272,       206,       301,       366,       366,       246,       200
345,      339,       361,       309,       272,       206,       301,       366,       366,       238,       155
345,      339,       361,       309,       271,       206,       300,       366,       366,       260,       255
346,      339,       361,       310,       272,       206,       301,       365,       366,       257,       255
346,      339,       361,       310,       271,       206,       300,       366,       366,       238,       155
346,      338,       361,       310,       272,       206,       300,       365,       366,       246,       190
346,      339,       361,       310,       272,       206,       301,       365,       366,       259,       265
346,      339,       361,       310,       272,       206,       301,       366,       366,       244,       195
345,      339,       361,       309,       271,       206,       301,       366,       366,       244,       180
346,      339,       361,       310,       271,       206,       300,       365,       366,       256,       240
347,      339,       361,       310,       272,       206,       300,       366,       366,       252,       235
346,      338,       361,       310,       272,       206,       301,       366,       366,       237,       155
346,      339,       361,       310,       271,       206,       300,       365,       366,       252,       220
346,      339,       361,       310,       272,       206,       300,       365,       366,       257,       250
347,      339,       362,       311,       272,       206,       301,       367,       366,       241,       200
346,      339,       361,       310,       271,       206,       301,       366,       367,       246,       205
346,      339,       361,       310,       271,       206,       301,       366,       366,       259,       265
347,      339,       362,       311,       272,       206,       301,       367,       366,       244,       215
346,      339,       362,       310,       272,       206,       301,       366,       366,       240,       180
346,      339,       362,       310,       271,       206,       301,       366,       366,       273,       340
347,      340,       361,       310,       272,       206,       301,       366,       366,       257,       270
347,      339,       362,       310,       271,       206,       301,       366,       366,       238,       170
346,      339,       362,       310,       272,       206,       301,       366,       366,       250,       230
347,      339,       362,       311,       271,       206,       301,       366,       366,       256,       265
348,      340,       362,       311,       272,       206,       302,       367,       366,       242,       220
346,      339,       362,       311,       272,       206,       302,       366,       366,       244,       210
347,      340,       362,       311,       272,       206,       301,       366,       366,       263,       310
348,      340,       362,       311,       272,       206,       302,       368,       367,       246,       250
347,      340,       362,       311,       272,       206,       301,       367,       367,       238,       195
348,      340,       362,       311,       272,       206,       301,       367,       366,       255,       280
347,      339,       363,       311,       272,       206,       301,       367,       367,       252,       265
347,      339,       362,       311,       272,       206,       302,       368,       367,       238,       200
347,      339,       362,       311,       272,       206,       301,       367,       366,       253,       260
347,      339,       363,       311,       272,       206,       302,       367,       367,       259,       305
348,      340,       362,       311,       272,       206,       302,       368,       367,       247,       255
348,      340,       363,       312,       273,       206,       302,       367,       367,       242,       240
348,      339,       363,       311,       272,       206,       302,       367,       367,       262,       325
347,      339,       363,       312,       272,       206,       302,       368,       367,       257,       305
347,      340,       363,       312,       272,       206,       302,       368,       367,       240,       225
347,      339,       363,       312,       272,       206,       301,       366,       367,       240,       205
347,      339,       363,       311,       272,       206,       302,       367,       367,       254,       280
348,      341,       363,       312,       272,       206,       302,       367,       367,       255,       305
348,      340,       363,       312,       272,       206,       301,       367,       367,       251,       275
348,      340,       363,       312,       272,       206,       301,       366,       367,       247,       250
348,      340,       363,       313,       272,       206,       302,       368,       367,       258,       325
348,      340,       363,       312,       272,       206,       302,       368,       367,       246,       260
348,      340,       363,       312,       272,       206,       301,       366,       367,       242,       225
348,      340,       363,       312,       272,       206,       302,       368,       367,       246,       260
347,      341,       363,       312,       272,       206,       302,       368,       367,       248,       270
348,      340,       363,       312,       272,       206,       302,       367,       366,       243,       235
348,      339,       363,       312,       272,       206,       302,       367,       367,       266,       350
348,      341,       364,       313,       272,       205,       302,       367,       367,       254,       305
348,      340,       364,       312,       272,       205,       302,       367,       366,       239,       215
347,      340,       364,       313,       271,       206,       302,       367,       366,       252,       280
348,      341,       364,       314,       272,       206,       302,       367,       367,       258,       335
348,      340,       364,       313,       272,       206,       302,       368,       367,       243,       255
349,      340,       364,       312,       272,       206,       302,       367,       366,       242,       240
348,      340,       364,       313,       272,       206,       302,       367,       367,       271,       390
349,      341,       364,       313,       272,       206,       302,       367,       367,       249,       290
348,      340,       364,       313,       272,       206,       302,       368,       367,       239,       235
348,      340,       364,       313,       272,       206,       302,       367,       366,       255,       305
349,      341,       364,       314,       272,       206,       302,       367,       367,       255,       325
349,      341,       364,       313,       272,       206,       302,       368,       367,       238,       240
348,      340,       364,       313,       272,       206,       302,       367,       367,       249,       280
349,      341,       364,       314,       272,       206,       302,       367,       367,       258,       340
349,      341,       364,       314,       272,       206,       303,       368,       367,       242,       270
348,      340,       365,       314,       272,       206,       302,       367,       367,       243,       260
349,      341,       365,       314,       271,       206,       301,       367,       367,       259,       340
350,      341,       365,       314,       273,       206,       302,       368,       367,       248,       310
350,      341,       364,       314,       272,       206,       303,       368,       367,       239,       260
349,      341,       365,       313,       272,       206,       302,       367,       367,       255,       325
350,      342,       365,       314,       272,       206,       302,       367,       367,       256,       345
349,      341,       365,       314,       272,       206,       302,       368,       367,       240,       260
349,      340,       365,       314,       271,       206,       302,       367,       367,       263,       360
350,      340,       365,       314,       271,       206,       302,       367,       366,       260,       345
350,      341,       365,       314,       272,       206,       302,       368,       367,       243,       280
349,      341,       365,       314,       272,       206,       302,       367,       367,       243,       270
349,      341,       365,       313,       271,       206,       301,       366,       366,       258,       320
350,      341,       365,       314,       271,       206,       302,       367,       367,       249,       300
350,      341,       365,       315,       271,       206,       301,       367,       366,       238,       240
349,      341,       365,       314,       271,       206,       301,       366,       366,       257,       320
349,      341,       365,       315,       272,       206,       301,       366,       366,       257,       330
349,      341,       365,       315,       271,       206,       302,       367,       366,       239,       245
349,      340,       365,       314,       271,       206,       301,       366,       366,       261,       335
349,      341,       365,       315,       270,       206,       301,       366,       366,       259,       330
349,      341,       365,       315,       271,       206,       302,       366,       366,       244,       265
349,      341,       366,       315,       271,       206,       301,       366,       366,       248,       285
350,      341,       365,       314,       270,       206,       301,       365,       365,       277,       410
349,      340,       366,       315,       271,       206,       301,       366,       366,       258,       330
350,      341,       366,       315,       271,       206,       301,       366,       366,       238,       240
350,      341,       365,       315,       270,       206,       301,       365,       366,       240,       235
348,      341,       366,       315,       271,       206,       300,       366,       366,       255,       310
350,      341,       366,       315,       271,       207,       301,       365,       365,       258,       335
349,      341,       366,       315,       271,       206,       301,       365,       365,       260,       335
349,      341,       365,       315,       271,       206,       300,       366,       365,       249,       275
350,      341,       366,       316,       271,       206,       302,       366,       365,       259,       350
350,      342,       366,       315,       271,       206,       301,       366,       366,       244,       275
350,      341,       366,       315,       270,       206,       301,       365,       366,       242,       250
350,      341,       366,       316,       271,       206,       302,       366,       365,       246,       285
350,      342,       366,       315,       270,       205,       301,       366,       366,       246,       275
350,      341,       366,       316,       270,       206,       301,       365,       365,       256,       320
350,      342,       366,       316,       270,       206,       301,       365,       366,       272,       410
350,      343,       366,       316,       271,       206,       301,       366,       366,       253,       330
350,      342,       367,       316,       270,       206,       301,       365,       365,       240,       250
350,      342,       366,       315,       270,       206,       301,       365,       365,       252,       300
350,      341,       366,       316,       271,       206,       301,       365,       366,       259,       345
351,      342,       367,       316,       271,       206,       301,       366,       365,       241,       270
350,      341,       366,       316,       270,       206,       301,       366,       366,       242,       260
350,      342,       367,       316,       270,       206,       301,       366,       365,       257,       340
351,      342,       366,       316,       271,       206,       301,       366,       366,       249,       310
351,      342,       366,       316,       270,       206,       300,       365,       365,       238,       235
350,      342,       367,       317,       270,       206,       300,       365,       365,       252,       310
350,      341,       367,       317,       270,       206,       301,       365,       365,       256,       330
351,      341,       367,       316,       270,       206,       301,       366,       365,       239,       250
350,      342,       367,       317,       270,       206,       301,       365,       365,       248,       295
351,      341,       367,       317,       271,       206,       302,       366,       366,       261,       380
351,      342,       367,       317,       270,       206,       301,       366,       366,       245,       295
350,      341,       367,       317,       270,       206,       301,       365,       365,       244,       270
350,      342,       367,       317,       271,       206,       300,       365,       365,       258,       345
351,      343,       367,       317,       271,       206,       301,       366,       366,       245,       305
350,      342,       367,       317,       270,       206,       301,       366,       365,       239,       255
350,      342,       367,       317,       270,       206,       301,       365,       365,       257,       340
351,      342,       367,       317,       271,       205,       301,       366,       365,       254,       335
351,      342,       367,       317,       271,       206,       301,       366,       366,       237,       260
350,      342,       367,       317,       271,       206,       301,       366,       365,       250,       315
351,      342,       368,       318,       271,       206,       301,       366,       365,       257,       365
351,      342,       367,       317,       271,       206,       302,       366,       366,       243,       295
351,      342,       368,       317,       271,       206,       302,       366,       366,       246,       315
350,      342,       368,       317,       270,       205,       301,       366,       366,       273,       430
351,      343,       368,       318,       271,       206,       302,       366,       366,       245,       320
351,      343,       368,       318,       271,       206,       302,       367,       366,       240,       300
351,      342,       367,       317,       271,       206,       301,       366,       366,       266,       405
351,      342,       368,       318,       271,       206,       301,       366,       367,       247,       325
351,      342,       367,       318,       272,       206,       301,       367,       367,       238,       285
351,      342,       368,       318,       271,       206,       301,       365,       365,       254,       345
350,      342,       368,       318,       271,       206,       301,       366,       366,       256,       360
351,      342,       368,       318,       271,       206,       302,       367,       366,       240,       295
350,      342,       368,       318,       271,       206,       302,       366,       366,       257,       370
351,      342,       368,       318,       271,       206,       302,       366,       366,       258,       380
351,      341,       368,       319,       272,       206,       302,       367,       366,       246,       330
351,      341,       368,       318,       271,       206,       302,       367,       366,       245,       315
350,      341,       368,       318,       271,       206,       301,       366,       366,       260,       375
351,      341,       368,       318,       271,       206,       302,       367,       367,       254,       365
351,      342,       368,       318,       272,       206,       302,       367,       367,       252,       365
350,      342,       368,       318,       271,       206,       302,       367,       366,       258,       380
351,      341,       368,       318,       271,       206,       302,       367,       367,       268,       435
351,      342,       368,       318,       272,       206,       302,       368,       367,       241,       315
351,      342,       368,       318,       272,       206,       302,       367,       366,       237,       285
351,      341,       368,       318,       271,       207,       302,       367,       366,       256,       375
351,      342,       369,       319,       272,       206,       303,       368,       367,       237,       310
350,      342,       368,       319,       272,       206,       302,       367,       366,       251,       355
351,      341,       368,       318,       272,       206,       302,       367,       367,       258,       390
351,      342,       369,       319,       272,       206,       303,       368,       367,       257,       410
350,      342,       368,       319,       272,       206,       302,       367,       366,       251,       355
350,      341,       368,       319,       272,       206,       302,       367,       367,       248,       340
351,      341,       369,       320,       272,       206,       303,       367,       367,       241,       325
352,      343,       369,       319,       272,       205,       302,       367,       367,       243,       335
351,      342,       369,       319,       271,       206,       302,       367,       367,       263,       425
351,      341,       369,       319,       272,       206,       303,       367,       366,       261,       415
351,      342,       369,       319,       272,       205,       303,       368,       367,       245,       345
350,      342,       369,       319,       272,       206,       303,       368,       367,       241,       325
351,      342,       369,       319,       272,       206,       303,       368,       367,       271,       480
352,      342,       369,       320,       272,       206,       303,       368,       366,       251,       385
351,      341,       369,       319,       272,       206,       303,       367,       367,       241,       320
351,      342,       369,       320,       272,       206,       302,       367,       367,       259,       415
352,      342,       369,       319,       272,       206,       302,       367,       367,       268,       460
352,      342,       369,       319,       272,       206,       303,       368,       367,       239,       325
351,      341,       369,       320,       271,       206,       303,       367,       367,       250,       365
352,      342,       369,       320,       272,       206,       302,       367,       367,       257,       410
351,      342,       369,       321,       272,       205,       303,       368,       367,       242,       340
351,      342,       370,       320,       272,       206,       302,       367,       367,       245,       350
351,      342,       369,       320,       272,       206,       302,       367,       367,       258,       410
352,      342,       369,       320,       272,       206,       303,       368,       367,       244,       355
352,      343,       369,       320,       272,       206,       303,       368,       367,       243,       355
352,      342,       370,       320,       271,       206,       303,       367,       367,       258,       420
351,      342,       369,       320,       272,       206,       303,       368,       367,       264,       450
351,      342,       370,       320,       272,       206,       303,       368,       367,       240,       335
352,      342,       370,       320,       272,       206,       302,       367,       367,       241,       335
351,      342,       370,       320,       272,       206,       303,       367,       367,       250,       380
352,      343,       370,       321,       272,       205,       303,       368,       367,       252,       405
352,      342,       370,       321,       271,       207,       303,       367,       366,       242,       345
351,      342,       370,       320,       272,       206,       302,       367,       367,       256,       405
352,      342,       370,       321,       272,       207,       303,       367,       367,       253,       410
352,      342,       370,       320,       271,       206,       302,       367,       367,       253,       390
351,      342,       370,       321,       271,       206,       303,       367,       367,       252,       390
352,      342,       370,       321,       272,       206,       303,       368,       367,       238,       335
352,      342,       370,       321,       272,       206,       303,       367,       367,       243,       355
352,      342,       370,       321,       272,       206,       303,       368,       367,       259,       440
351,      343,       370,       321,       272,       206,       304,       367,       367,       260,       445
352,      342,       370,       321,       272,       206,       303,       368,       367,       242,       355
351,      342,       370,       321,       272,       206,       303,       368,       367,       243,       355
352,      342,       370,       321,       273,       207,       303,       368,       368,       259,       455
352,      343,       371,       321,       272,       205,       303,       368,       368,       251,       410
352,      342,       371,       321,       272,       206,       303,       367,       367,       241,       350
352,      343,       371,       321,       272,       206,       302,       367,       367,       268,       485
353,      342,       371,       321,       272,       206,       303,       368,       367,       249,       400
352,      343,       371,       321,       272,       206,       303,       368,       367,       242,       365
352,      343,       371,       321,       272,       206,       302,       367,       366,       255,       415
352,      342,       371,       321,       271,       206,       302,       367,       367,       255,       410
353,      343,       370,       321,       271,       206,       303,       367,       367,       243,       360
351,      342,       371,       322,       271,       206,       302,       367,       366,       256,       410
352,      343,       371,       322,       272,       206,       303,       366,       366,       258,       435
352,      343,       371,       322,       271,       206,       302,       367,       367,       243,       360
351,      343,       371,       321,       271,       206,       302,       367,       367,       248,       375
352,      342,       371,       322,       272,       206,       303,       367,       367,       258,       440
353,      343,       371,       322,       272,       206,       303,       367,       367,       244,       380
352,      343,       371,       322,       271,       206,       302,       366,       366,       245,       360
352,      343,       371,       322,       271,       206,       302,       366,       366,       260,       435
352,      342,       372,       322,       271,       206,       302,       367,       367,       246,       375
352,      343,       371,       322,       271,       206,       302,       366,       366,       240,       335
352,      342,       372,       322,       271,       205,       302,       366,       366,       265,       455
352,      343,       372,       322,       271,       206,       302,       366,       367,       253,       410
352,      342,       372,       322,       271,       206,       302,       367,       366,       248,       380
352,      342,       372,       322,       271,       206,       302,       366,       365,       253,       395
352,      343,       372,       323,       271,       206,       302,       366,       367,       258,       440
352,      343,       371,       322,       271,       206,       302,       367,       366,       240,       340
352,      343,       372,       322,       271,       206,       302,       366,       367,       240,       345
351,      343,       372,       322,       270,       206,       302,       366,       366,       259,       425
352,      342,       372,       323,       271,       206,       302,       366,       366,       260,       440
352,      342,       372,       323,       271,       206,       302,       365,       366,       247,       370
352,      342,       372,       322,       270,       206,       302,       366,       366,       244,       350
351,      342,       372,       323,       271,       206,       302,       367,       367,       260,       445
352,      343,       372,       323,       271,       206,       302,       366,       366,       250,       395
352,      342,       372,       322,       270,       206,       302,       365,       367,       241,       335
352,      342,       372,       322,       271,       206,       302,       365,       366,       253,       395
352,      343,       372,       323,       272,       206,       302,       366,       367,       254,       425
353,      342,       372,       323,       271,       206,       302,       367,       366,       239,       345
352,      342,       372,       323,       270,       206,       301,       366,       366,       258,       420
352,      342,       372,       323,       271,       206,       302,       366,       366,       266,       470
353,      343,       372,       323,       271,       207,       302,       367,       367,       239,       360
352,      342,       372,       323,       271,       206,       302,       367,       366,       245,       370
352,      343,       372,       323,       271,       206,       302,       366,       366,       261,       450
352,      343,       372,       324,       271,       207,       302,       367,       367,       244,       385
352,      342,       372,       322,       272,       206,       302,       367,       366,       241,       350
352,      343,       373,       323,       271,       206,       302,       366,       366,       257,       435
352,      343,       373,       324,       271,       206,       302,       366,       366,       253,       420
352,      342,       372,       323,       271,       206,       302,       367,       366,       239,       340
353,      343,       372,       323,       271,       206,       302,       366,       366,       253,       415
353,      343,       373,       324,       271,       206,       302,       366,       366,       256,       440
353,      343,       373,       324,       271,       206,       302,       367,       367,       240,       370
352,      343,       372,       324,       270,       206,       302,       365,       366,       252,       400
353,      343,       373,       323,       271,       206,       301,       365,       366,       263,       460
353,      343,       373,       324,       271,       206,       302,       366,       367,       243,       380
353,      343,       373,       324,       271,       206,       302,       366,       366,       244,       380
352,      342,       373,       324,       270,       206,       302,       365,       366,       259,       435
353,      343,       373,       324,       270,       206,       302,       366,       366,       251,       410
352,      343,       373,       325,       271,       206,       302,       366,       366,       243,       375
353,      343,       373,       324,       270,       206,       301,       365,       366,       253,       410
353,      344,       373,       324,       271,       206,       301,       366,       366,       258,       450
353,      343,       373,       325,       271,       206,       302,       366,       366,       259,       460
353,      342,       373,       324,       270,       206,       302,       365,       365,       246,       370
353,      344,       374,       325,       270,       206,       301,       365,       365,       259,       450
353,      343,       374,       325,       270,       206,       302,       366,       366,       246,       395
353,      343,       373,       324,       271,       206,       302,       366,       366,       240,       360
353,      343,       373,       324,       271,       206,       301,       365,       366,       259,       445
353,      343,       374,       324,       270,       206,       301,       365,       367,       254,       425
354,      344,       373,       325,       271,       206,       302,       366,       366,       241,       380
353,      343,       374,       325,       270,       206,       302,       365,       366,       252,       420
352,      343,       374,       325,       270,       205,       302,       365,       366,       248,       390
353,      343,       374,       325,       271,       206,       302,       366,       366,       241,       375
