0,        1,         2,         3,         4,         5,         6,         7,         8,         9,         "T"
362,10,-65,126,
323,      344,       228,       240,       267,       209,       213,       248,       279,       222,       0
323,      344,       228,       240,       266,       209,       212,       246,       278,       237,       0
323,      344,       227,       240,       267,       208,       212,       247,       278,       233,       0
322,      344,       228,       240,       266,       208,       212,       246,       278,       238,       0
323,      345,       228,       240,       267,       209,       212,       247,       279,       233,       0
322,      343,       228,       239,       267,       208,       212,       246,       279,       223,       0
322,      344,       228,       239,       266,       208,       212,       247,       279,       232,       0
322,      343,       228,       240,       267,       208,       213,       247,       279,       223,       0
322,      344,       228,       240,       266,       208,       212,       246,       278,       240,       0
323,      344,       228,       240,       267,       208,       212,       248,       280,       230,       0
323,      344,       228,       240,       266,       208,       212,       246,       279,       224,       0
322,      343,       228,       240,       267,       209,       212,       246,       279,       241,       0
323,      344,       228,       240,       267,       208,       212,       247,       279,       230,       0
322,      344,       228,       240,       267,       208,       212,       247,       279,       222,       0
322,      343,       228,       241,       266,       209,       212,       246,       278,       240,       0
323,      344,       228,       240,       266,       208,       212,       246,       279,       234,       0
323,      343,       227,       240,       266,       208,       213,       247,       279,       221,       0
322,      344,       227,       240,       266,       208,       213,       247,       278,       239,       0
323,      344,       228,       240,       267,       208,       212,       247,       279,       235,       0
322,      343,       227,       240,       267,       209,       212,       247,       279,       222,       0
322,      343,       228,       240,       266,       208,       212,       246,       278,       237,       0
323,      344,       228,       240,       266,       208,       213,       247,       278,       237,       30
323,      344,       228,       240,       266,       208,       213,       248,       279,       224,       -25
322,      343,       228,       239,       266,       208,       212,       246,       279,       234,       -5
322,      344,       228,       240,       267,       208,       212,       246,       278,       241,       40
322,      344,       228,       240,       267,       209,       212,       247,       279,       225,       -25
322,      343,       227,       240,       266,       208,       212,       247,       279,       227,       -35
323,      344,       228,       240,       267,       208,       212,       246,       278,       240,       40
323,      343,       228,       240,       266,       209,       213,       247,       279,       227,       -15
322,      344,       228,       240,       266,       208,       212,       246,       278,       236,       10
323,      343,       228,       239,       266,       208,       212,       246,       278,       240,       25
323,      344,       228,       240,       266,       208,       212,       247,       279,       228,       -15
323,      345,       228,       240,       266,       207,       212,       247,       279,       223,       -40
322,      343,       229,       240,       266,       209,       212,       246,       279,       240,       40
322,      343,       228,       239,       266,       208,       211,       247,       279,       232,       -15
323,      344,       228,       240,       267,       208,       212,       246,       278,       222,       -50
322,      343,       228,       240,       266,       208,       212,       246,       278,       242,       35
323,      344,       227,       239,       266,       209,       212,       246,       279,       232,       -5
323,      343,       228,       240,       266,       208,       212,       247,       279,       223,       -45
323,      343,       228,       239,       266,       208,       211,       246,       278,       237,       5
323,      344,       228,       240,       266,       209,       212,       247,       279,       237,       35
323,      344,       228,       240,       266,       208,       212,       246,       278,       223,       -50
322,      344,       228,       239,       265,       208,       212,       246,       278,       236,       0
322,      344,       228,       240,       265,       207,       212,       246,       279,       238,       15
323,      344,       228,       240,       266,       208,       213,       247,       279,       224,       -30
324,      343,       227,       240,       266,       208,       212,       246,       278,       230,       -20
323,      344,       228,       240,       265,       208,       212,       246,       279,       241,       40
325,      345,       228,       240,       267,       208,       212,       247,       279,       224,       -15
324,      345,       228,       240,       266,       208,       213,       246,       279,       247,       90
325,      346,       228,       241,       266,       209,       212,       246,       278,       239,       60
325,      345,       228,       240,       266,       208,       212,       247,       278,       225,       -19.961
324,      345,       228,       240,       266,       209,       212,       245,       278,       229,       -10
324,      345,       228,       241,       266,       209,       212,       246,       278,       240,       55
325,      345,       228,       240,       266,       208,       213,       247,       279,       227,       0
324,      344,       228,       240,       265,       209,       212,       247,       279,       227,       -15
325,      345,       228,       240,       266,       208,       212,       246,       279,       241,       60
325,      345,       228,       241,       266,       208,       213,       247,       279,       229,       15
325,      345,       228,       241,       266,       208,       213,       247,       279,       223,       -15
325,      346,       228,       240,       266,       209,       212,       246,       279,       239,       60
326,      345,       228,       240,       267,       208,       213,       247,       279,       231,       30
325,      346,       228,       240,       266,       208,       212,       247,       279,       222,       -25
325,      345,       228,       240,       267,       208,       212,       246,       278,       235,       30
325,      345,       228,       241,       266,       208,       212,       246,       279,       233,       25
326,      345,       229,       241,       266,       208,       212,       247,       279,       223,       -9.961
326,      345,       228,       240,       266,       208,       212,       246,       278,       241,       60
327,      345,       229,       240,       266,       208,       212,       246,       278,       242,       75
326,      346,       228,       240,       267,       209,       213,       247,       279,       223,       0
326,      345,       228,       241,       266,       208,       212,       246,       278,       236,       40
327,      346,       228,       241,       266,       209,       212,       246,       279,       242,       90
327,      346,       228,       240,       267,       208,       213,       247,       279,       224,       5
326,      345,       228,       241,       267,       208,       213,       246,       279,       231,       30
327,      345,       228,       240,       266,       208,       212,       246,       279,       240,       65
327,      346,       228,       240,       266,       208,       213,       247,       280,       226,       15
327,      346,       228,       241,       267,       208,       212,       247,       279,       230,       35
327,      346,       228,       241,       266,       208,       212,       246,       279,       241,       80
328,      346,       228,       241,       267,       208,       212,       247,       279,       227,       25
328,      347,       228,       241,       268,       208,       213,       247,       279,       227,       40
328,      346,       228,       241,       266,       208,       212,       246,       279,       242,       90
328,      346,       229,       241,       267,       208,       213,       247,       279,       242,       110
328,      346,       229,       241,       267,       208,       212,       247,       280,       226,       30
329,      346,       229,       241,       267,       209,       212,       246,       279,       223,       15
328,      346,       228,       241,       267,       208,       213,       247,       280,       231,       55
329,      346,       229,       241,       267,       208,       213,       247,       280,       223,       25
329,      347,       228,       241,       267,       209,       212,       247,       279,       237,       90
329,      347,       228,       241,       267,       208,       213,       247,       279,       233,       70
329,      348,       228,       241,       268,       208,       214,       248,       280,       234,       100
328,      346,       229,       241,       267,       208,       212,       247,       280,       244,       120
329,      347,       229,       241,       267,       209,       213,       248,       279,       236,       100
329,      348,       229,       242,       268,       208,       214,       248,       281,       222,       55
330,      347,       229,       241,       268,       208,       213,       247,       280,       224,       45
330,      347,       228,       242,       267,       208,       213,       247,       281,       238,       115
330,      348,       229,       242,       268,       208,       214,       248,       281,       238,       140
330,      348,       229,       242,       268,       208,       213,       247,       280,       224,       55
329,      348,       229,       242,       268,       208,       213,       248,       280,       232,       95
330,      348,       229,       242,       269,       208,       214,       248,       279,       239,       140
331,      349,       229,       242,       269,       209,       214,       248,       281,       225,       95
330,      348,       229,       242,       268,       208,       213,       248,       280,       230,       90
331,      348,       229,       243,       269,       208,       213,       248,       281,       247,       195
331,      349,       229,       242,       268,       208,       214,       249,       280,       226,       90
330,      348,       229,       243,       267,       208,       213,       248,       280,       230,       90
331,      349,       229,       243,       268,       208,       214,       248,       280,       241,       165
332,      349,       229,       243,       268,       208,       214,       249,       281,       227,       110
331,      349,       229,       243,       267,       209,       214,       249,       281,       225,       95
332,      348,       230,       243,       268,       208,       214,       249,       280,       240,       170
333,      350,       229,       243,       269,       208,       214,       249,       281,       236,       170
331,      348,       229,       243,       268,       208,       213,       249,       280,       224,       75
331,      349,       229,       244,       268,       209,       213,       248,       280,       238,       155
332,      350,       229,       244,       268,       208,       214,       249,       280,       233,       145
331,      349,       229,       243,       268,       208,       214,       249,       281,       224,       90
331,      350,       230,       243,       267,       208,       214,       248,       281,       237,       155
332,      351,       229,       243,       268,       208,       214,       248,       280,       239,       170
332,      350,       229,       243,       268,       209,       215,       249,       280,       224,       105
331,      350,       229,       243,       268,       208,       214,       249,       280,       233,       135
332,      350,       230,       245,       268,       209,       214,       249,       280,       249,       240
332,      350,       230,       244,       268,       208,       215,       249,       281,       226,       125
331,      350,       230,       244,       268,       209,       214,       249,       280,       228,       125
332,      350,       230,       244,       268,       208,       214,       249,       280,       243,       200
331,      350,       230,       244,       268,       208,       214,       249,       281,       231,       140
331,      350,       230,       244,       268,       209,       214,       248,       280,       226,       110
332,      350,       230,       244,       267,       207,       214,       248,       280,       240,       170
332,      350,       230,       244,       268,       209,       214,       249,       281,       230,       145
332,      350,       230,       244,       268,       208,       215,       249,       281,       222,       105
331,      350,       231,       244,       267,       208,       213,       248,       281,       237,       160
331,      351,       230,       244,       267,       208,       213,       248,       281,       237,       160
332,      349,       230,       244,       268,       208,       213,       248,       280,       227,       105
331,      350,       230,       245,       267,       208,       214,       248,       280,       243,       190
332,      350,       230,       246,       268,       209,       213,       248,       280,       242,       200
332,      350,       231,       245,       267,       208,       214,       249,       281,       226,       125
331,      350,       230,       245,       268,       207,       213,       248,       281,       230,       125
332,      350,       230,       245,       267,       208,       214,       248,       280,       241,       185
333,      351,       230,       245,       268,       208,       214,       249,       281,       229,       150
331,      351,       230,       245,       268,       208,       214,       249,       281,       223,       110.039
332,      350,       230,       245,       268,       208,       213,       248,       280,       242,       190
332,      351,       230,       245,       268,       208,       214,       249,       281,       232,       160
332,      351,       230,       246,       268,       208,       214,       249,       280,       223,       115
333,      351,       231,       246,       268,       208,       214,       248,       280,       244,       225
333,      351,       231,       246,       268,       208,       213,       249,       280,       238,       195
332,      351,       231,       246,       269,       208,       214,       249,       281,       223,       130
333,      351,       230,       246,       268,       208,       214,       248,       281,       233,       170
333,      352,       232,       246,       269,       209,       214,       248,       281,       240,       230
333,      351,       231,       247,       269,       208,       215,       250,       281,       227,       170
333,      352,       230,       246,       268,       208,       214,       249,       281,       227,       150
332,      351,       231,       246,       267,       208,       213,       248,       281,       242,       205
334,      352,       231,       246,       268,       208,       214,       250,       281,       229,       175
334,      352,       231,       246,       268,       208,       215,       249,       281,       231,       185
333,      353,       231,       246,       268,       209,       213,       248,       281,       242,       230
333,      352,       231,       246,       268,       209,       214,       249,       281,       238,       215
334,      352,       231,       246,       269,       209,       214,       249,       281,       223,       150
333,      352,       231,       247,       268,       208,       214,       248,       281,       227,       155
333,      352,       230,       246,       268,       208,       214,       249,       281,       238,       205
334,      352,       231,       247,       268,       208,       214,       249,       281,       225,       155
334,      352,       231,       247,       269,       208,       214,       249,       281,       228,       175
335,      353,       231,       247,       268,       208,       214,       248,       280,       242,       240
334,      353,       231,       247,       268,       209,       214,       250,       281,       242,       255
333,      353,       231,       247,       268,       208,       215,       249,       281,       225,       160
334,      352,       231,       247,       268,       208,       214,       249,       280,       224,       145
335,      352,       231,       247,       268,       208,       214,       249,       281,       232,       195
334,      353,       232,       248,       268,       208,       214,       250,       281,       236,       230
334,      352,       231,       248,       268,       208,       213,       249,       281,       236,       210
334,      352,       232,       247,       268,       208,       214,       249,       281,       235,       210
334,      353,       231,       248,       269,       208,       214,       249,       281,       240,       245
335,      353,       232,       248,       269,       207,       215,       250,       282,       226,       195
335,      353,       231,       248,       268,       208,       214,       249,       280,       241,       245
335,      353,       232,       248,       268,       208,       214,       249,       280,       242,       255
334,      353,       232,       249,       269,       208,       214,       249,       281,       230,       205
334,      353,       232,       248,       268,       208,       215,       249,       281,       223,       165
335,      353,       231,       248,       268,       208,       214,       249,       280,       239,       235
335,      353,       232,       249,       269,       207,       214,       250,       281,       232,       220
335,      353,       232,       248,       268,       209,       215,       249,       281,       222,       170
334,      353,       232,       249,       268,       208,       214,       249,       280,       237,       230
334,      353,       232,       249,       269,       208,       214,       249,       281,       240,       255
335,      354,       231,       248,       268,       208,       214,       249,       281,       226,       180
334,      353,       232,       249,       269,       208,       215,       249,       281,       230,       210
335,      353,       232,       249,       269,       208,       214,       249,       281,       242,       270
335,      354,       232,       249,       269,       208,       214,       250,       281,       229,       215
335,      353,       232,       249,       268,       208,       215,       249,       281,       225,       185
334,      353,       232,       250,       268,       209,       214,       248,       280,       242,       260
336,      354,       232,       249,       269,       208,       214,       250,       281,       232,       235
335,      353,       231,       249,       269,       208,       215,       250,       282,       223,       185
335,      353,       231,       249,       269,       208,       214,       249,       281,       235,       230
335,      354,       232,       249,       268,       208,       215,       250,       281,       244,       290
336,      354,       232,       250,       268,       208,       215,       250,       282,       226,       215
335,      355,       232,       249,       268,       208,       215,       250,       281,       237,       260
335,      354,       232,       250,       268,       208,       214,       249,       281,       245,       290
335,      354,       233,       250,       269,       208,       214,       250,       281,       228,       220
335,      354,       232,       250,       268,       208,       214,       249,       281,       225,       190
336,      353,       232,       250,       268,       208,       213,       249,       281,       240,       260
336,      355,       232,       250,       268,       209,       214,       249,       281,       235,       255
335,      353,       232,       250,       268,       208,       214,       249,       281,       223,       175.039
335,      353,       232,       250,       268,       209,       214,       249,       280,       238,       250
336,      354,       233,       250,       269,       209,       214,       249,       281,       239,       280
336,      354,       232,       250,       268,       209,       214,       250,       282,       227,       220
335,      353,       232,       250,       268,       208,       214,       249,       280,       230,       205
334,      354,       233,       250,       267,       208,       213,       249,       281,       243,       270
335,      354,       232,       250,       268,       209,       214,       249,       281,       229,       215
336,      354,       232,       250,       268,       208,       214,       250,       281,       225,       200.039
335,      354,       233,       250,       267,       208,       214,       249,       281,       241,       270
335,      354,       233,       251,       268,       208,       214,       248,       281,       241,       275
336,      353,       233,       250,       268,       208,       214,       249,       281,       222,       180
336,      354,       233,       251,       267,       208,       213,       249,       281,       223,       185
335,      354,       232,       251,       267,       209,       213,       249,       280,       240,       260
335,      354,       232,       251,       268,       208,       214,       249,       281,       225,       195
335,      354,       233,       251,       268,       208,       214,       249,       281,       229,       220
335,      355,       233,       251,       267,       208,       213,       249,       281,       243,       285
336,      353,       232,       251,       267,       209,       214,       249,       280,       230,       215
335,      354,       232,       252,       268,       208,       214,       249,       280,       227,       205
336,      354,       232,       251,       267,       208,       214,       248,       280,       225,       185
336,      355,       233,       251,       267,       208,       215,       249,       280,       230,       230
336,      355,       233,       252,       267,       208,       214,       249,       281,       233,       250
335,      355,       233,       252,       267,       208,       213,       248,       280,       238,       255
335,      354,       233,       251,       267,       208,       213,       248,       280,       237,       240
336,      354,       233,       252,       268,       209,       214,       249,       280,       224,       205
336,      355,       233,       252,       267,       208,       214,       249,       281,       224,       205
336,      354,       233,       252,       267,       209,       213,       249,       280,       247,       310
335,      355,       233,       253,       267,       208,       214,       249,       281,       242,       295
336,      355,       233,       252,       267,       208,       213,       249,       280,       227,       210
335,      354,       233,       252,       267,       207,       213,       249,       281,       226,       195
336,      355,       233,       252,       266,       209,       213,       248,       280,       244,       290.039
337,      355,       233,       253,       268,       208,       214,       249,       281,       232,       260
335,      354,       233,       253,       267,       208,       214,       249,       281,       223,       195
335,      354,       233,       253,       268,       208,       213,       248,       280,       239,       265
337,      354,       233,       253,       267,       208,       214,       249,       280,       236,       265
335,      354,       233,       253,       268,       208,       214,       249,       282,       223,       205
335,      355,       233,       253,       268,       208,       214,       248,       280,       240,       280
336,      355,       233,       253,       267,       208,       213,       248,       280,       240,       275
336,      355,       234,       254,       268,       208,       214,       250,       281,       225,       235
336,      354,       233,       253,       268,       209,       214,       248,       280,       231,       240
336,      355,       234,       253,       267,       209,       214,       248,       280,       244,       310
336,      355,       233,       253,       267,       208,       214,       249,       281,       228,       230
336,      355,       233,       253,       267,       208,       214,       249,       281,       226,       220
336,      355,       234,       253,       267,       208,       213,       248,       281,       246,       315
336,      354,       233,       253,       267,       208,       214,       249,       281,       233,       250
335,      354,       233,       254,       268,       209,       214,       249,       281,       223,       210
336,      354,       233,       253,       268,       208,       213,       249,       280,       237,       265
336,      355,       234,       253,       267,       208,       214,       249,       281,       236,       275
336,      354,       233,       254,       268,       208,       214,       249,       281,       226,       225
335,      354,       234,       253,       267,       209,       213,       248,       280,       236,       255
337,      354,       234,       254,       268,       208,       214,       249,       280,       239,       295
336,      355,       234,       255,       268,       208,       214,       249,       281,       227,       245
335,      355,       234,       254,       268,       208,       214,       249,       281,       232,       260
335,      355,       234,       254,       267,       208,       213,       248,       281,       242,       295
336,      355,       234,       254,       267,       208,       214,       250,       281,       227,       240
335,      354,       234,       254,       268,       209,       214,       249,       281,       225,       225
336,      355,       234,       254,       267,       208,       213,       249,       281,       248,       335
336,      355,       234,       254,       267,       209,       214,       250,       281,       231,       265
336,      354,       234,       254,       267,       208,       214,       249,       281,       225,       220
336,      355,       235,       255,       267,       208,       213,       248,       280,       224,       215
336,      355,       234,       255,       267,       208,       214,       249,       281,       232,       265
337,      355,       234,       255,       267,       209,       214,       249,       280,       234,       280
336,      355,       234,       254,       267,       208,       213,       247,       280,       238,       270
335,      354,       234,       255,       267,       208,       213,       248,       280,       238,       270
336,      355,       234,       256,       267,       209,       213,       248,       280,       241,       305
336,      355,       234,       255,       267,       209,       214,       248,       281,       226,       235
335,      354,       234,       255,       267,       208,       213,       248,       280,       233,       245
336,      355,       234,       255,       268,       209,       214,       248,       280,       242,       315
336,      355,       235,       256,       267,       208,       213,       248,       281,       227,       240
335,      355,       234,       255,       266,       208,       213,       249,       281,       229,       235
336,      355,       234,       256,       267,       208,       213,       248,       280,       243,       310
336,      354,       234,       256,       267,       209,       214,       248,       281,       231,       260
335,      355,       235,       256,       266,       209,       213,       248,       281,       225,       225
336,      355,       234,       255,       267,       208,       213,       248,       280,       243,       305
336,      355,       234,       256,       266,       208,       213,       249,       281,       235,       275
335,      355,       235,       255,       267,       208,       213,       248,       281,       224,       215
336,      354,       235,       256,       266,       208,       213,       247,       280,       237,       270
336,      355,       235,       256,       267,       208,       213,       248,       280,       236,       280
336,      355,       235,       256,       267,       208,       213,       249,       280,       224,       225
336,      355,       234,       256,       267,       209,       213,       248,       280,       235,       275
336,      356,       235,       256,       267,       209,       213,       248,       281,       242,       325
336,      355,       234,       256,       267,       209,       214,       248,       280,       228,       245
335,      355,       235,       256,       268,       208,       213,       248,       281,       234,       275
336,      355,       235,       256,       266,       208,       213,       248,       280,       241,       300
336,      356,       234,       256,       267,       208,       214,       248,       281,       230,       260
337,      355,       235,       256,       267,       208,       214,       249,       281,       232,       280
336,      355,       235,       256,       267,       209,       213,       248,       280,       251,       360
336,      355,       235,       256,       267,       209,       213,       248,       280,       237,       290
335,      355,       235,       256,       267,       209,       213,       248,       281,       223,       220
336,      355,       235,       256,       267,       208,       212,       248,       281,       224,       220
336,      355,       235,       257,       267,       208,       213,       248,       281,       238,       300
336,      356,       235,       257,       267,       209,       213,       248,       280,       240,       315
337,      355,       235,       257,       267,       209,       213,       248,       280,       224,       235
336,      354,       235,       257,       267,       209,       212,       247,       280,       234,       265
337,      356,       235,       258,       267,       208,       213,       249,       280,       240,       325
336,      356,       235,       257,       267,       209,       214,       249,       281,       225,       255
336,      355,       235,       257,       267,       208,       213,       248,       280,       233,       270
336,      355,       235,       257,       267,       208,       213,       248,       280,       241,       310
336,      355,       235,       257,       267,       208,       213,       249,       281,       227,       250
337,      355,       235,       257,       267,       208,       214,       248,       280,       230,       265
336,      355,       235,       258,       268,       208,       213,       248,       280,       242,       325
336,      355,       236,       258,       268,       208,       213,       249,       281,       228,       270
335,      355,       235,       257,       267,       208,       213,       248,       280,       231,       255
337,      355,       235,       259,       267,       208,       214,       248,       280,       242,       335
337,      356,       235,       257,       267,       208,       214,       249,       280,       231,       280
337,      355,       235,       258,       267,       209,       213,       249,       280,       224,       245
336,      355,       235,       258,       267,       209,       213,       248,       280,       239,       310
337,      356,       235,       258,       267,       209,       214,       249,       280,       232,       295
337,      356,       235,       258,       267,       208,       213,       248,       281,       222,       235
336,      355,       236,       258,       267,       208,       212,       247,       280,       238,       295
337,      357,       235,       258,       267,       208,       213,       248,       280,       238,       315
337,      355,       235,       258,       267,       209,       214,       249,       280,       224,       250
337,      356,       236,       259,       267,       208,       213,       249,       280,       240,       335
338,      357,       236,       258,       267,       208,       213,       248,       280,       239,       330
337,      357,       236,       258,       267,       209,       214,       249,       280,       225,       270
337,      355,       235,       259,       267,       208,       214,       248,       280,       233,       290
337,      356,       236,       259,       267,       208,       213,       248,       281,       241,       340
337,      356,       236,       259,       267,       208,       213,       249,       281,       226,       270
337,      356,       235,       259,       267,       209,       214,       248,       280,       231,       290
337,      356,       236,       259,       267,       208,       213,       247,       280,       243,       340
337,      356,       236,       259,       267,       208,       214,       249,       281,       232,       305
337,      355,       235,       259,       268,       208,       214,       249,       281,       225,       265
337,      356,       236,       260,       267,       208,       213,       248,       281,       244,       360
338,      357,       236,       259,       267,       208,       213,       248,       281,       234,       315
338,      356,       236,       259,       267,       208,       214,       249,       281,       224,       270
338,      356,       236,       259,       267,       208,       213,       248,       281,       240,       340
338,      357,       236,       259,       268,       208,       214,       249,       281,       234,       330
338,      356,       236,       260,       268,       208,       214,       249,       281,       224,       280
337,      356,       236,       260,       267,       208,       213,       248,       280,       238,       325
337,      356,       236,       260,       268,       208,       213,       248,       280,       237,       325
337,      358,       236,       260,       268,       208,       214,       250,       281,       223,       285
339,      357,       236,       259,       267,       208,       214,       248,       281,       224,       275
337,      356,       236,       260,       267,       209,       214,       248,       280,       239,       340
339,      357,       236,       260,       268,       209,       214,       249,       281,       224,       295
338,      357,       236,       260,       268,       208,       213,       249,       281,       233,       325
339,      357,       236,       260,       267,       209,       214,       248,       280,       240,       360
338,      357,       236,       261,       268,       209,       214,       249,       282,       227,       315
338,      356,       236,       261,       268,       208,       214,       249,       281,       229,       310
338,      357,       236,       259,       267,       208,       214,       248,       281,       226,       280
338,      357,       236,       261,       267,       209,       213,       248,       280,       229,       300
338,      357,       237,       261,       267,       208,       213,       248,       279,       230,       300
337,      357,       236,       261,       268,       208,       213,       248,       280,       251,       405
338,      357,       237,       261,       267,       208,       213,       248,       281,       243,       375.039
339,      358,       236,       261,       269,       208,       214,       249,       282,       224,       310
339,      358,       236,       261,       268,       208,       214,       250,       281,       225,       310
338,      357,       236,       261,       268,       208,       214,       249,       281,       236,       350
338,      358,       236,       262,       268,       208,       214,       249,       281,       237,       365
338,      357,       236,       261,       268,       208,       213,       249,       281,       223,       280
338,      358,       236,       262,       267,       209,       214,       249,       281,       236,       360
339,      358,       237,       261,       267,       208,       213,       249,       281,       241,       380
339,      358,       237,       262,       268,       208,       215,       250,       282,       226,       335
338,      357,       237,       262,       269,       208,       214,       249,       281,       233,       350
339,      358,       237,       262,       269,       208,       213,       249,       281,       242,       400
339,      358,       237,       262,       268,       208,       214,       250,       282,       228,       340.039
338,      357,       237,       262,       268,       208,       214,       249,       281,       228,       320
339,      357,       237,       262,       268,       208,       213,       249,       282,       242,       395
340,      358,       237,       262,       268,       208,       215,       250,       282,       230,       360
339,      358,       237,       263,       269,       208,       214,       250,       281,       223,       320
339,      358,       237,       262,       268,       208,       214,       249,       281,       241,       395
339,      358,       237,       262,       268,       209,       214,       250,       282,       237,       390
340,      359,       237,       262,       268,       208,       215,       249,       282,       224,       330
339,      358,       237,       263,       269,       208,       214,       249,       281,       237,       385
339,      359,       237,       263,       268,       207,       214,       249,       281,       240,       395
339,      359,       237,       263,       268,       208,       214,       250,       282,       227,       345
338,      358,       237,       263,       268,       208,       214,       249,       281,       234,       360
339,      358,       237,       263,       268,       208,       213,       249,       281,       236,       370
339,      358,       237,       264,       268,       208,       214,       249,       281,       225,       325
339,      358,       237,       263,       269,       209,       214,       250,       281,       232,       370
340,      358,       237,       263,       268,       209,       213,       249,       281,       242,       410
339,      359,       237,       263,       268,       208,       214,       250,       282,       227,       345
340,      360,       237,       264,       269,       208,       214,       250,       282,       225,       355
339,      358,       237,       264,       268,       208,       213,       249,       282,       245,       425
340,      358,       238,       264,       268,       208,       214,       250,       282,       233,       385
