0,        1,         2,         3,         4,         5,         6,         7,         8,         9,         "T"
378,10,-65,120,
350.5,    386.5,     422.75,    243.5,     255.75,    208.25,    299.75,    363.333,   343,       254.333,   0
362.5,    413.7,     414.35,    263.5,     256.95,    208.449,   301.149,   362,       344,       251.8,     0
360,      413.699,   414.35,    255.166,   256.949,   208.449,   302.316,   362,       343,       252.855,   0
355.714,  399.128,   423.35,    233.738,   255.664,   208.592,   303.316,   361.047,   344,       255.569,   0
347.887,  391.218,   426.435,   246.629,   256.509,   208.927,   303.826,   360.721,   343,       257.555,   0
337.228,  363.72,    440.162,   222.79,    254.731,   208.71,    302.208,   359.585,   341,       261.997,   0
336.118,  356.581,   440.849,   232.451,   254.843,   208.89,    303.193,   359.241,   342,       262.398,   0
331.176,  350.502,   446.349,   232.267,   254.297,   208.932,   303.175,   358.983,   343,       262.469,   0
337.36,   364.115,   443.194,   230.215,   253.981,   208.933,   303.082,   358.734,   343,       262.266,   0
335.236,  364.171,   443.627,   224.133,   254.303,   209.25,    304.207,   359.565,   344,       261.4,     0
335.11,   365.255,   444.024,   215.802,   253.797,   209.159,   305.352,   360.564,   343,       261.257,   0
337.815,  367.363,   443.692,   213.45,    255.011,   209.477,   308.663,   362.694,   344,       260.179,   0
333.594,  353.255,   449.763,   211.055,   255.158,   209.555,   309.46,    363.26,    344,       260.786,   0
341.931,  371.124,   438.64,    237.758,   256.995,   209.741,   311.21,    364.74,    343,       257.079,   0
340.763,  362.249,   443.87,    226.609,   257.023,   209.824,   310.047,   364.385,   344,       258.292,   0
339.041,  366.375,   437.896,   249.917,   257.739,   210.017,   307.245,   361.769,   343,       259.832,   0
337.676,  363.392,   442.201,   241.183,   257.679,   209.94,    305.929,   360.604,   344,       259.695,   0
332.782,  342.859,   451.709,   227.387,   257.349,   209.968,   306.174,   360.013,   344,       262.783,   0
338.071,  354.661,   446.829,   248.926,   258.252,   209.989,   305.621,   359.388,   343,       260.711,   0
340.075,  348.13,    451.105,   227.356,   257.04,    209.699,   306.389,   360.953,   344,       260.836,   0
338.275,  341.093,   455.377,   211.095,   256.091,   209.665,   305.455,   360.05,    344,       262.809,   0
336.917,  345.697,   455.901,   208.768,   255.054,   209.336,   303.352,   359.103,   343,       262.812,   -40
330.324,  334.703,   460.197,   195.888,   254.169,   209.243,   303.028,   359.062,   344,       264.017,   -5
326.788,  332.784,   461.496,   191.393,   253.759,   209.177,   302.547,   358.792,   344,       263.567,   0
325.147,  331.597,   462.37,    188.578,   253.854,   209.108,   305.132,   360.518,   343,       261.866,   -20
323.465,  329.583,   463.295,   185.694,   253.683,   208.932,   304.386,   358.815,   344,       261.731,   55
326.771,  333.709,   460.737,   184.238,   254.042,   209.031,   305.581,   361.637,   343,       260.499,   -30
324.626,  328.984,   463.629,   176.072,   254.082,   209.01,    307.014,   362.995,   343,       261.871,   10
328.837,  333.468,   457.808,   188.572,   254.544,   209.139,   307.283,   363.349,   343,       260.966,   50
327.462,  324.308,   463.025,   181.84,    254.667,   209.168,   307.696,   363.997,   343,       261.762,   60
325.418,  322.965,   463.351,   174.355,   254.327,   208.902,   306.999,   361.477,   343,       263.752,   -50
327.673,  322.106,   463.312,   181.252,   254.362,   208.744,   304.997,   359.355,   343,       264.021,   35
331.793,  335.054,   458.098,   187.349,   254.765,   208.545,   302.67,    357.833,   343,       264.457,   50
336.697,  356.018,   442.394,   209.565,   254.35,    208.598,   301.952,   356.952,   343,       263.937,   -50
336.166,  355.882,   445.4,     214.595,   254.354,   208.984,   302.231,   356.305,   343,       263.059,   75
339.522,  365.565,   436.841,   226.501,   254.781,   209.161,   302.836,   356.822,   343,       262.017,   -20
332.055,  350.495,   442.805,   217.808,   253.498,   209.106,   302.86,    356.678,   343,       263.478,   75
329.249,  335.134,   454.863,   190.415,   253.376,   209.035,   302.989,   357.591,   343,       264.317,   55
330.403,  332.17,    456.215,   186.96,    253.236,   208.757,   302.097,   357.775,   343,       264.497,   -40
326.958,  322.542,   461.983,   167.026,   252.158,   208.699,   302.992,   357.911,   343,       264.851,   15
330.515,  323.406,   458.723,   166.914,   252.824,   208.784,   305.011,   359.039,   342,       263.237,   15
330.696,  326.588,   450.274,   184.985,   253.602,   208.891,   307.3,     359.246,   343,       262.179,   25
330.738,  325.791,   446.425,   191.846,   254.083,   209.053,   309.043,   360.409,   343,       261.847,   -30
329.135,  331.112,   447.203,   195.392,   254.787,   208.961,   307.907,   359.813,   342,       262.323,   90
328.938,  332.213,   448.557,   192.317,   254.639,   208.843,   306.321,   358.971,   343,       263.097,   10
330.83,   337.873,   451.312,   193.365,   254.358,   208.837,   304.181,   360.837,   343,       262.324,   -35
330.843,  344.457,   452.01,    193.582,   253.969,   208.663,   301.487,   359.946,   343,       263.296,   -55
341.801,  365.791,   440.697,   221.895,   255.138,   209.049,   301.57,    361.869,   343,       259.816,   -5
341.496,  365.731,   439.574,   226.12,    254.78,    209.078,   300.891,   362.283,   343,       260.253,   5
345.163,  369.711,   437.897,   223.656,   254.841,   209.112,   302.421,   362.49,    343,       259.957,   -20
347.208,  368.462,   432.881,   227.953,   254.965,   209.32,    304.554,   364.758,   343,       257.67,    5
339.409,  349.415,   437.764,   221.675,   254.941,   209.358,   306.981,   365.171,   344,       259.173,   -5
343.397,  361.655,   431.506,   235.326,   255.821,   209.398,   307.851,   365.583,   343,       257.209,   20
345.287,  370.218,   427.593,   236.993,   256.389,   209.582,   307.626,   364.121,   344,       257.721,   75
345.013,  370.469,   429.837,   231.142,   256.164,   209.477,   308.065,   363.077,   344,       258.634,   -15
343.671,  363.763,   437.705,   211.066,   254.625,   209.065,   306.22,    360.873,   344,       260.366,   -15
341.567,  354.35,    444.59,    186.171,   254.025,   209.16,    307.987,   361.153,   344,       260.817,   80
332.464,  332.654,   459.019,   157.482,   252.402,   208.671,   307.039,   360.729,   344,       262.164,   120
334.957,  341.824,   454.187,   161.245,   253.15,    208.699,   307.892,   359.441,   344,       264.478,   30
335.855,  343.547,   453.542,   154.128,   253.368,   208.647,   307.131,   358.284,   344,       264.161,   165
332.896,  337.146,   454.821,   149.551,   252.845,   208.431,   304.008,   356.922,   345,       265.543,   90
335.101,  337.788,   454.221,   155.56,    252.909,   208.396,   303.576,   357.33,    345,       266.026,   45
332.979,  327.497,   460.226,   147.605,   252.446,   208.496,   303.959,   358.933,   344,       264.437,   140
332.568,  330.061,   461.181,   146.673,   252.314,   208.617,   304.506,   360.931,   345,       264.477,   145
334.664,  343.621,   453.089,   174.834,   253.524,   208.93,    304.577,   359.599,   345,       264.324,   85
334.601,  349.311,   446.928,   191.873,   254.469,   209.434,   306.72,    359.923,   345,       264.081,   65
339.119,  362.142,   442.028,   219.625,   255.615,   209.711,   306.114,   360.064,   345,       262.221,   165
337.912,  357.01,    442.292,   237.19,    256.944,   210.01,    307.344,   360.893,   346,       261.899,   90
340.518,  358.923,   443.749,   238.955,   257.004,   210.022,   308.739,   363.935,   345,       262.457,   95
341.364,  355.439,   446.295,   231.396,   256.937,   209.82,    308.028,   363.556,   345,       261.32,    235
335.256,  339.91,    449.905,   225.934,   257.126,   209.836,   308.301,   362.15,    345,       263.906,   195
339.162,  356.896,   435.993,   224.326,   256.295,   209.525,   306.438,   360.425,   345,       263.288,   150
332.54,   337.178,   446.884,   193.665,   255.337,   209.026,   305.109,   358.018,   345,       263.406,   155
335.565,  349.14,    440.969,   202.56,    255.537,   209.198,   303.692,   357.227,   346,       263.704,   225
335.609,  350.459,   442.692,   177.793,   254.024,   208.821,   303.034,   359.381,   346,       261.866,   125
335.102,  339.825,   455.649,   164.002,   253.699,   208.577,   302.548,   359.232,   346,       263.473,   210
344.039,  359.632,   447.901,   181.193,   253.894,   208.656,   302.182,   359.406,   346,       260.768,   220
338.821,  341.702,   454.891,   178.141,   253.231,   208.293,   300.966,   358.764,   346,       262.158,   135
343.566,  350.165,   453.634,   185.334,   253.546,   208.361,   301.67,    358.676,   347,       262.199,   145
342.632,  356.5,     444.346,   216.952,   254.81,    208.758,   303.545,   360.501,   345,       259.303,   210
336.002,  341.481,   449.839,   207.775,   254.941,   208.916,   303.74,    360.658,   346,       262.713,   245
339.885,  351.163,   449.117,   212.008,   255.613,   209.148,   305.136,   361.881,   346,       261.888,   160
337.217,  351.306,   445.471,   222.962,   255.909,   209.117,   303.631,   360.434,   346,       262.748,   245
338.586,  345.707,   454.632,   195.249,   254.352,   208.883,   301.644,   358.52,    347,       265.05,    220
341.098,  356.025,   449.317,   207.745,   254.267,   208.878,   303.344,   360.119,   347,       263.574,   190
341.271,  361.576,   440.345,   221.422,   254.932,   208.982,   305.088,   361.772,   346,       263.815,   190
346.136,  363.044,   439.613,   221.202,   253.936,   208.963,   305.296,   363.868,   347,       262.158,   235
351.501,  375.235,   428.468,   239.195,   254.733,   209.26,    307.818,   366.537,   347,       259.935,   240
350.844,  368.265,   431.489,   229.402,   254.371,   209.315,   308.457,   367.454,   347,       259.415,   210
352.211,  364.363,   436.224,   223.4,     254.291,   209.505,   309.939,   368.265,   346,       256.977,   325
348.793,  354.837,   441.74,    216.571,   254.771,   209.44,    309.602,   366.036,   347,       258.046,   240
344.121,  342.209,   452.636,   213.339,   254.776,   209.323,   308.856,   365.012,   347,       258.681,   235
345.303,  343.344,   449.657,   225.33,    255.262,   209.466,   308.914,   364.664,   347,       258.577,   340
350.745,  354.913,   445.576,   225.605,   254.972,   209.318,   307.767,   365.101,   347,       256.996,   345
348.881,  354.923,   446.124,   226.896,   255.001,   209.301,   307.505,   364.016,   347,       258.655,   255
349.561,  361.597,   442.194,   228.833,   255.033,   209.298,   306.312,   362.921,   347,       259.556,   265
354.455,  378.776,   438.127,   236.476,   255.429,   209.131,   304.94,    360.767,   347,       258.791,   340
348.556,  367.613,   449.063,   223.743,   254.209,   208.675,   302.536,   357.291,   347,       263.571,   270
346.367,  374.283,   446.483,   230.436,   254.096,   208.586,   301.827,   357.282,   347,       264.274,   300
352.34,   385.81,    441.096,   237.808,   254.39,    208.484,   303.186,   358.382,   347,       262.234,   300
345.609,  367.386,   450.52,    216.569,   252.956,   208.249,   302.935,   360.898,   348,       264.535,   310
345.188,  367.354,   447.728,   208.401,   252.777,   208.331,   302.992,   361.413,   347,       263.768,   320
349.305,  366.364,   450.906,   198.111,   252.589,   208.295,   304.159,   362.956,   347,       262.791,   400
348.871,  368.443,   461.307,   178.154,   251.474,   207.982,   301.298,   362.657,   350,       262.87,    410
353.623,  378.308,   459.849,   186.952,   252.12,    208.087,   302.064,   361.956,   348,       261.728,   295
352.685,  375.016,   458.58,    205.316,   253.312,   208.48,    303.931,   363.938,   349,       259.627,   350
351.025,  376.252,   453.676,   220.632,   254.701,   208.935,   305.899,   365.983,   347,       258.27,    380
342.762,  357.939,   452.586,   219.557,   255.161,   209.071,   307.556,   366.458,   348,       259.422,   290
343.353,  359.887,   448.549,   224.215,   255.596,   209.212,   307.341,   367.102,   347,       258.188,   330
344.163,  362.582,   450.116,   205.486,   255.494,   209.031,   306.828,   366.601,   347,       259.792,   385
347.468,  365.487,   449.607,   203.322,   255.178,   208.759,   306.96,    365.737,   348,       259.105,   410
348.14,   366.565,   449.181,   201.003,   254.324,   208.714,   306.875,   364.682,   348,       260.869,   305
346.681,  357.805,   452.272,   197.687,   254.571,   208.929,   308.809,   364.336,   347,       262.157,   350
351.327,  371.693,   437.58,    232.287,   255.296,   209.2,     311.092,   364.965,   348,       260.685,   410
349.735,  372.58,    438.862,   222.139,   254.455,   209.12,    308.682,   362.95,    348,       261.816,   330
358.534,  392.868,   422.387,   260.873,   256.617,   209.75,    311.94,    364.607,   347,       258.332,   360
366.656,  412.449,   412.118,   277.042,   256.909,   209.724,   310.387,   364.646,   346,       255.976,   365
366.703,  403.699,   417.481,   262.008,   256.711,   209.656,   308.287,   364.6,     348,       255.303,   410
366.985,  398.43,    417.426,   260.56,    257.034,   209.59,    308.23,    363.883,   347,       256.182,   385
363.906,  384.654,   425.718,   231.944,   256.236,   209.424,   307.7,     364.732,   347,       256.78,    375
352.799,  361.254,   436.66,    218.359,   256.14,    209.524,   308.316,   364.745,   348,       258.704,   425
346.527,  350.334,   442.4,     219.266,   256.487,   209.648,   310.321,   364.766,   348,       260.095,   330
343.604,  353.177,   436.968,   241.938,   258.123,   210.228,   313.619,   365.844,   347,       260.654,   400
338.561,  343.823,   444.575,   236.223,   257.535,   209.914,   311.465,   365.05,    347,       263.017,   410
342.956,  355.905,   436.706,   245.918,   258.163,   209.97,    311.915,   365.094,   348,       262.728,   330
348.874,  371.272,   429.892,   242.582,   257.546,   209.587,   310.142,   366.093,   348,       262.2,     325
349.627,  364.143,   437.882,   221.246,   255.749,   209.067,   306.646,   366.129,   347,       261.516,   415
349.065,  367.045,   427.925,   240.535,   256.779,   209.232,   306.957,   366.283,   348,       261.301,   425
343.509,  358.923,   435.671,   218.337,   254.867,   208.698,   304.249,   364.548,   348,       262.907,   345
336.314,  342.587,   445.497,   200.588,   254.056,   208.713,   304.407,   364.327,   348,       265.722,   415
342.984,  358.936,   437.584,   211.923,   254.243,   209.092,   306.087,   365.975,   348,       263.609,   435
346.401,  367.492,   435.964,   222.121,   254.309,   209.357,   306.963,   365.931,   347,       262.129,   445
346.814,  363.859,   439.006,   222.661,   254.229,   209.309,   306.351,   365.176,   347,       262.923,   335
350.457,  371.755,   435.079,   240.1,     254.683,   209.394,   305.628,   363.392,   347,       260.713,   430
349.381,  373.586,   428.721,   258.412,   256.031,   209.437,   306.563,   363.023,   348,       260.299,   450
354.093,  379.314,   427.686,   249.31,    255.849,   209.591,   307.506,   362.608,   348,       259.133,   385
365.847,  405.808,   414.069,   274.546,   257.366,   210.06,    308.671,   364.146,   349,       255.878,   370
368.046,  420.387,   408.068,   279.466,   257.749,   210.155,   308.105,   363.301,   348,       255.187,   450
370.712,  422.215,   414.117,   275.332,   257.137,   210.115,   307.326,   363.341,   348,       255.361,   470
366.657,  413.772,   421.179,   264.763,   256.464,   209.618,   304.3,     361.541,   348,       256.632,   370
358.202,  395.482,   431.195,   249.08,    255.478,   209.269,   304.676,   363.074,   348,       254.93,    480
356.796,  387.067,   440.498,   237.596,   254.725,   209,       306.186,   363.993,   349,       254.894,   485
352.665,  377.188,   444.267,   210.777,   253.524,   208.698,   305.023,   363.134,   349,       254.827,   480
350.666,  371.962,   447.565,   203.064,   253.532,   208.567,   305.126,   363.362,   349,       255.474,   490
347.446,  363.745,   449.904,   196.491,   253.254,   208.609,   305.19,    360.546,   348,       258.266,   490
350.396,  370.128,   439.248,   204.904,   253.473,   208.696,   305.048,   360.053,   349,       258.747,   515
347.929,  364.262,   438.531,   218.351,   253.894,   208.696,   305.052,   359.613,   349,       262.022,   425
347.539,  363.162,   440.24,    213.392,   253.517,   208.714,   306.041,   359.078,   349,       262.957,   505
349.695,  372.793,   432.86,    230.092,   254.412,   208.729,   307.163,   359.82,    350,       263.627,   560
347.452,  368.316,   431.947,   247.976,   255.403,   208.877,   308.465,   360.739,   353,       264.324,   490
345.24,   364.038,   437.006,   230.78,    254.761,   208.903,   309.952,   359.948,   352,       264.653,   480
344.912,  364.164,   436.544,   247.549,   254.511,   208.787,   309.511,   361.025,   351,       263.991,   550
346.372,  362.931,   437.071,   242.9,     254.525,   209.081,   310.847,   362.149,   351,       263.138,   495
341.932,  357.304,   443.803,   235.033,   254.399,   208.824,   308.187,   360.446,   350,       264.778,   495
345.745,  361.2,     438.774,   249.926,   254.776,   208.67,    305.935,   361.469,   350,       262.986,   570
343.721,  355.919,   439.092,   243.122,   254.814,   208.796,   305.424,   360.58,    350,       264.652,   540
347.628,  359.774,   439.381,   243.154,   254.427,   208.327,   301.649,   359.404,   350,       264.869,   490
357.013,  369.842,   435.749,   244.314,   254.002,   208.399,   302.715,   361.16,    349,       261.263,   565
354.337,  371.076,   441.317,   229.227,   253.892,   208.36,    302.255,   360.163,   350,       261.921,   540
360.139,  378.099,   438.635,   227.242,   254.617,   208.298,   302.802,   361.056,   351,       260.626,   555
359.784,  385.573,   441.529,   217.826,   254.216,   208.293,   302.967,   359.387,   350,       260.925,   495
353.751,  378.107,   451.354,   199.756,   254.246,   208.278,   302.003,   358.182,   350,       262.686,   615
355.81,   379.111,   452.788,   195.546,   253.868,   208.41,    303.967,   360.756,   350,       262.796,   535
359.478,  393.827,   448.81,    205.304,   253.761,   208.569,   304.134,   360.713,   350,       263.105,   515
355.148,  380.435,   449.85,    203.515,   253.696,   208.751,   305.3,     362.807,   350,       263.417,   615
355.348,  380.767,   440.635,   225.48,    254.475,   209.104,   307.771,   364.42,    351,       264.426,   645
353.139,  381.004,   432.899,   258.328,   256.276,   209.489,   309.315,   364.943,   350,       265.564,   540
347.948,  369.458,   436.626,   258.76,    256.635,   209.62,    310.055,   364.595,   350,       265.915,   605
351.205,  372.747,   431.737,   273.795,   257.483,   209.602,   311.734,   366.756,   350,       264.462,   630
348.47,   366.744,   439.466,   252.126,   256.199,   209.244,   310.3,     366.137,   350,       265.372,   525
349.946,  359.849,   443.404,   236.954,   255.331,   208.923,   307.441,   363.45,    350,       265.345,   545
354.517,  368.191,   438.372,   233.839,   255.144,   208.967,   306.068,   363.287,   350,       262.549,   670
350.704,  362.683,   445.32,    228.131,   254.382,   208.876,   303.258,   359.934,   351,       265.895,   545
355.309,  366.96,    440.156,   238.989,   254.979,   209.109,   303.252,   360,       350,       264.16,    575
356.075,  372.833,   439.692,   232.137,   254.5,     208.993,   302.654,   360.46,    350,       263.086,   575
349.87,   354.068,   445.881,   224.751,   254.409,   208.711,   302.166,   360.056,   350,       265.877,   550
347.607,  352.837,   439.961,   238.553,   254.412,   208.687,   302.01,    360.073,   350,       265.874,   545
350.793,  365.391,   430.933,   259.92,    255.188,   208.913,   302.833,   360.084,   350,       264.31,    595
350.038,  364.328,   429.682,   263.889,   255.287,   208.758,   303.858,   360.983,   350,       261.77,    640
347.92,   370.651,   424.368,   283.766,   256.269,   209.194,   307.1,     361.115,   351,       262.088,   555
352.25,   378.052,   422.14,    283.082,   257.392,   209.266,   308.827,   362.216,   350,       260.643,   625
346.029,  360.433,   435.884,   250.676,   255.992,   208.745,   307.683,   361.568,   351,       262.833,   645
347.6,    364.733,   436.77,    255.932,   256.522,   209.029,   308.23,    360.7,     350,       264.795,   650
349.697,  363.888,   441.542,   237.67,    255.272,   208.434,   305.391,   361.593,   351,       261.562,   565
347.189,  357.007,   450.313,   216.897,   253.683,   208.315,   304.9,     361.504,   350,       262.598,   640
353.783,  375.947,   440.375,   233.499,   254.211,   208.397,   305.503,   363.399,   351,       259.85,    660
352.524,  372.691,   440.89,    223.152,   253.452,   208.163,   305.113,   363.785,   350,       259.144,   585
355.071,  378.806,   437.797,   235.364,   254.049,   208.41,    308.073,   366.003,   351,       260.608,   570
360.482,  396.492,   421.008,   266.573,   255.816,   208.853,   309.527,   367.598,   351,       256.705,   685
359.296,  389.712,   421.242,   249.87,    254.759,   208.918,   310.102,   368.198,   351,       257.16,    680
366.692,  411.573,   409.435,   275.115,   255.803,   209.311,   311.814,   368.828,   351,       255.067,   585
372.638,  425.968,   402.383,   273.651,   255.625,   209.44,    310.349,   367.327,   351,       254.276,   665
374.375,  425.322,   405.723,   260.376,   254.741,   209.238,   310.466,   368.241,   351,       253.929,   670
374.386,  425.551,   409.506,   269.02,    255.595,   209.284,   310.518,   368.247,   351,       253.467,   680
371.2,    412.977,   415.516,   261.006,   255.137,   209.28,    310.333,   370.068,   351,       255.048,   690
366.708,  401.407,   423.392,   252.057,   255.067,   209.4,     312.331,   371.412,   350,       254.254,   700
359.185,  388.276,   431.916,   236.583,   254.685,   209.28,    310.597,   369.008,   351,       257.014,   695
357.013,  382.951,   435.117,   231.949,   254.127,   209.137,   308.608,   367.212,   351,       258.426,   625
352.843,  373.805,   443.918,   213.513,   253.554,   208.831,   306.362,   364.9,     351,       260.718,   705
350.863,  369.861,   443.85,    222.292,   253.766,   208.607,   303.509,   362.065,   352,       261.641,   720
349.674,  367.231,   442.555,   241.679,   254.921,   208.939,   305.497,   362.977,   351,       263.207,   645
348.625,  364.985,   440.617,   243.069,   255.463,   209.053,   307.052,   362.372,   352,       263.89,    650
348.023,  363.725,   437.146,   254.434,   255.735,   208.942,   308.151,   362.011,   351,       262.534,   760
343.331,  357.991,   439.188,   244.74,    255.16,    208.848,   307.814,   362.004,   352,       265.376,   700
346.711,  361.528,   438.707,   238.034,   254.765,   208.692,   308.145,   361.865,   352,       263.876,   665
350.723,  370.749,   432.434,   251.601,   254.665,   208.64,    307.301,   360.84,    352,       262.064,   785
351.109,  376.61,    431.761,   244.053,   254.513,   208.74,    306.18,    359.72,    352,       262.902,   710
360.792,  388.984,   424.7,     258.241,   255.277,   208.867,   307.946,   362.251,   351,       258.93,    685
369.232,  407.477,   419.699,   268.27,    255.35,    208.892,   307.918,   362.306,   352,       256.413,   685
363.304,  393.295,   429.88,    249.223,   255.02,    208.785,   307.006,   362.515,   352,       258.32,    695
365.047,  390.822,   429.611,   257.105,   255.949,   208.935,   308.124,   363.867,   352,       257.666,   700
359.226,  386.228,   433.313,   249.799,   255.188,   208.801,   307.149,   361.241,   352,       259.295,   725
351.368,  368.62,    438.257,   232.875,   254.736,   208.646,   305.04,    361.089,   351,       261.516,   775
358.234,  384.524,   427.454,   244.825,   255.553,   208.769,   306.759,   363.742,   352,       258.354,   710
363.689,  398.196,   418.146,   257.357,   255.497,   208.745,   307.564,   364.677,   352,       256.642,   735
364.327,  399.905,   409.979,   279.865,   257.255,   208.737,   306.623,   365.167,   352,       257.168,   800
364.035,  404.375,   408.94,    286.578,   257.186,   208.607,   306.849,   364.798,   352,       256.547,   795
362.721,  402.353,   412.295,   285.4,     256.991,   208.584,   306.862,   364.949,   352,       258.098,   700
356.155,  388.376,   423.459,   282.263,   257.204,   208.561,   305.762,   364.035,   352,       259.211,   750
352.844,  377.015,   434.384,   268.32,    255.483,   208.536,   305.639,   363.873,   352,       259.503,   845
351.245,  368.249,   435.019,   265.711,   255.668,   208.525,   305.466,   363.741,   353,       261.735,   720
351.749,  368.234,   432.266,   270.042,   255.479,   208.66,    305.266,   361.664,   353,       263.159,   770
353.262,  370.214,   427.524,   261.153,   254.375,   208.674,   305.196,   363.23,    352,       262.818,   840
364.036,  398.385,   414.544,   281.558,   255.503,   208.98,    308.132,   365.995,   353,       260.578,   735
372.292,  417.261,   408.619,   290.964,   255.908,   209.473,   312.513,   370.127,   352,       256.793,   780
368.798,  404.837,   414.241,   293.953,   256.398,   209.732,   311.548,   370.383,   353,       257.693,   785
373.161,  409.783,   409.343,   305.782,   257.115,   209.883,   313.456,   371.405,   352,       256.961,   815
368.036,  387.126,   420.6,     287.814,   256.488,   209.87,    312.217,   371.226,   353,       259.159,   735
360.999,  368.249,   428.312,   273.078,   255.714,   209.498,   307.174,   366.621,   353,       262.211,   795
364.17,   382.451,   424.322,   277.239,   255.188,   209.178,   307.549,   367.988,   353,       261.047,   825
367.172,  397.975,   420.462,   287.447,   255.77,    209.22,    304.705,   366.548,   353,       259.821,   735
367.048,  404.382,   417.442,   280.252,   255.239,   208.985,   302.632,   364.927,   352,       259.916,   730
367.913,  419.258,   406.889,   288.419,   255.599,   209.055,   302.984,   364.685,   353,       258.683,   870
364.162,  409.945,   404.399,   290.017,   256.515,   209.323,   304.331,   365.165,   353,       260.155,   840
359.446,  397.083,   408.104,   283.241,   256.193,   209.194,   305.278,   364.968,   353,       264.726,   740
362.645,  410.612,   400.77,    297.954,   257.186,   209.51,    308.656,   366.878,   353,       263.604,   820
372.607,  423.948,   396.896,   320.744,   258.27,    209.718,   311.466,   369.097,   353,       261.593,   830
375.957,  425.949,   401.824,   317.991,   257.664,   209.489,   310.485,   367.753,   353,       259.989,   800
374.03,   425.215,   406.927,   308.669,   257.017,   209.531,   312.229,   367.199,   353,       257.502,   765
369.227,  412.73,    413.806,   303.058,   256.564,   209.248,   309.74,    364.388,   353,       258.44,    840
358.03,   391.699,   425.222,   286.245,   255.463,   209.038,   307.493,   362.763,   353,       261.609,   835
359.755,  396.52,    422.565,   281.71,    255.577,   208.973,   307.066,   363.954,   353,       260.031,   755
359.859,  392.421,   418.799,   285.002,   256.229,   208.894,   305.328,   363.491,   353,       260.392,   845
362.806,  399.234,   413.512,   289.565,   257.038,   209.272,   307.698,   366.22,    353,       257.957,   845
365.631,  395.453,   414.839,   282.896,   256.835,   209.305,   307.727,   366.714,   353,       257.435,   855
366.471,  400.158,   410.735,   283.066,   256.586,   209.353,   307.822,   365.203,   354,       258.874,   780
369.558,  401.263,   409.583,   282.789,   256.208,   209.418,   309.178,   366.4,     353,       257.752,   860
366.237,  386.982,   418.022,   260.393,   254.804,   209.011,   306.389,   363.569,   353,       259.532,   830
366.323,  390.629,   412.477,   271.464,   255.371,   208.969,   306.198,   363.12,    353,       258.927,   780
364.159,  389.267,   409.726,   284.092,   256.054,   208.771,   304.966,   361.87,    353,       258.935,   870
365.531,  406.982,   400.746,   305.707,   256.89,    208.964,   302.364,   360.27,    352,       258.199,   865
369.716,  419.554,   392.278,   319.323,   257.188,   209.1,     303.79,    363.608,   353,       257.104,   835
368.058,  428.543,   386.393,   311.874,   257.019,   208.976,   303.445,   362.726,   353,       257.748,   795
370.758,  443.868,   380.059,   322.986,   257.585,   209.005,   303.228,   362.848,   353,       255.769,   895
367.218,  429.709,   389.104,   304.026,   256.398,   208.583,   304.352,   363.216,   353,       258.136,   830
364.719,  431.16,    385.651,   323.269,   257.571,   208.652,   304.432,   361.255,   353,       259.188,   825
366.385,  426.676,   388.545,   332.04,    258.079,   208.748,   304.573,   361.998,   353,       258.489,   920
367.903,  424.22,    389.757,   333.333,   257.721,   209.14,    307.765,   364.733,   353,       258.878,   850
372.286,  433.151,   386.85,    344.663,   258.338,   209.505,   309.252,   366.855,   353,       256.269,   825
377.653,  438.292,   390.021,   333.433,   258.019,   209.485,   309.941,   368.607,   353,       254.948,   825
379.263,  444.809,   393.232,   333.633,   257.582,   209.447,   310.708,   369.552,   354,       253.537,   930
378.743,  442.893,   393.729,   333.675,   256.277,   209.062,   307.129,   368.335,   354,       253.679,   855
377.522,  439.427,   397.711,   324.963,   255.982,   208.856,   306.825,   367.594,   353,       256.023,   870
371.075,  425.018,   407.81,    309.467,   254.406,   208.766,   307.38,    367.449,   353,       254.367,   930
376.334,  431.905,   403.893,   313.158,   253.952,   208.812,   306.905,   369.054,   353,       253.581,   835
369.561,  415.764,   417.345,   288.798,   254.048,   208.776,   308.873,   369.156,   353,       255.377,   860
368.424,  412.384,   420.149,   276.489,   253.343,   208.765,   310.165,   371.284,   353,       253.475,   925
370.188,  410.579,   418.912,   271.777,   253.62,    208.764,   308.563,   369.928,   353,       255.157,   935
369.31,   407.532,   418.058,   273.009,   254.43,    208.9,     307.8,     369.1,     354,       256.287,   845
369.274,  401.499,   418.16,    263.61,    254.056,   208.918,   306.647,   368.139,   353,       256.417,   895
367.253,  399.944,   417.875,   276.056,   255.015,   208.94,    305.144,   364.833,   353,       257.742,   950
368.977,  408.139,   408.727,   298.096,   256.071,   208.965,   304.655,   364.105,   353,       258.111,   840
360.357,  388.797,   416.394,   287.394,   255.02,    208.689,   304.206,   361.487,   353,       260.181,   935
359.084,  391.84,    416.142,   297.935,   255.158,   208.656,   305.858,   361.489,   353,       259.814,   935
362.202,  390.682,   412.895,   293.918,   254.75,    208.615,   303.96,    362.916,   353,       258.301,   945
365.52,   397.902,   413.49,    271.892,   253.275,   208.28,    303.86,    364.651,   353,       257.423,   1025
374.829,  418.632,   404.075,   283.963,   252.597,   208.078,   303.811,   367.008,   353,       253.41,    955
381.364,  427.316,   399.351,   281.967,   252.231,   208.139,   303.518,   368.748,   354,       252.495,   945
384.102,  437.407,   397.416,   280.26,    251.872,   207.928,   303.455,   367.677,   354,       254.38,    885
386.756,  443.05,    395.12,    310.027,   252.957,   208.163,   304.398,   368.109,   354,       253.945,   980
379.889,  427.11,    405.841,   285.179,   253.008,   208.175,   305.481,   369.219,   354,       256.736,   955
377.535,  422.224,   412.768,   278.495,   253.976,   208.324,   305.762,   369.286,   354,       258.247,   890
368.025,  410.34,    414.961,   285.386,   255.134,   208.809,   306.091,   368.564,   353,       258.799,   905
363.207,  400.81,    414.795,   281.865,   255.445,   208.901,   306.333,   368.629,   353,       259.492,   1000
360.824,  397.053,   416.075,   288.535,   256.222,   209.147,   306.455,   366.64,    354,       261.696,   930
356.293,  388.6,     416.547,   289.969,   255.686,   208.979,   304.554,   365.309,   353,       262.188,   915
358.903,  390.352,   416.774,   290.624,   255.336,   208.718,   305.334,   365.796,   354,       261.768,   1005
354.003,  379.143,   429.056,   270.447,   254.463,   208.549,   303.192,   362.535,   354,       265.712,   915
355.171,  381.442,   430.911,   260.72,    253.783,   208.463,   301.725,   362.901,   353,       265.381,   945
357.154,  385.276,   429.963,   256.541,   253.511,   208.39,    301.321,   361.604,   354,       264.932,   1020
361.189,  394.266,   422.847,   265.958,   252.394,   208.343,   300.748,   360.053,   354,       264.479,   930
362.216,  396.426,   418.96,    272.46,    252.098,   208.456,   301.399,   360.651,   354,       263.399,   925
367.508,  403.424,   411.252,   288.422,   252.286,   208.598,   303.352,   360.329,   353,       261.306,   990
366.844,  401.159,   411.58,    285.834,   252.111,   208.628,   303.643,   360.147,   354,       261.693,   995
365.51,   397.287,   412.97,    288.673,   253.356,   208.954,   306.056,   362.066,   355,       262.199,   980
363.837,  392.553,   415.114,   283.847,   253.964,   209.168,   308.721,   364.172,   354,       262.933,   1000
359.027,  381.285,   421.666,   276.05,    254.204,   209.107,   308.488,   363.769,   354,       264.07,    980
362.196,  383.303,   420.107,   281.795,   254.503,   209.175,   309.18,    367.144,   354,       263.505,   1000
363.865,  381.306,   424.126,   280.813,   254.667,   209.207,   309.627,   367.869,   354,       262.786,   930
363.869,  379.699,   425.414,   273.237,   253.91,    208.784,   306.756,   365.54,    354,       261.861,   1045
364.561,  384.329,   425.949,   265.692,   253.868,   208.738,   306.509,   365.793,   355,       262.45,    965
367.042,  399.047,   420.784,   277.677,   254.635,   208.818,   309.127,   365.6,     354,       261.395,   950
363.21,   391.868,   426.306,   262.943,   254.63,    208.905,   310.056,   366.228,   354,       262.1,     1095
365.259,  398.463,   423.434,   290.044,   256.019,   209.208,   312.527,   368.231,   355,       261.23,    980
371.787,  419.911,   408.075,   329.238,   256.326,   209.276,   312.387,   368.58,    355,       258.341,   985
370.322,  413.177,   412.259,   329.46,    255.71,    209.341,   311.853,   368.053,   355,       259.715,   1010
369.195,  411.364,   413.252,   324.677,   254.579,   208.975,   311.109,   368.314,   354,       258.469,   1055
367.615,  408.35,    414.798,   308.196,   253.516,   208.941,   311.907,   366.421,   355,       258.98,    955
367.019,  406.698,   418.758,   305.19,    254.401,   209.179,   313.838,   368.017,   354,       259.975,   1000
364.404,  400.916,   419.687,   294.58,    255.071,   209.299,   315.122,   368.964,   354,       258.203,   1065
363.719,  404.28,    411.606,   318.852,   256.855,   209.203,   313.695,   366.2,     354,       259.975,   1055
367.449,  413.413,   402.15,    334.66,    257.761,   209.383,   312.95,    368.073,   355,       260.117,   955
358.938,  390.087,   408.777,   310.299,   256.955,   209.126,   310.824,   365.224,   355,       261.947,   1040
358.158,  388.54,    404.219,   326.83,    257.224,   209.101,   309.21,    362.785,   355,       262.481,   1070
359.506,  381.434,   409.163,   299.398,   255.134,   209.087,   308.569,   363.25,    354,       262.839,   975
354.086,  372.008,   416.165,   280.075,   253.902,   208.902,   307.943,   362.56,    354,       262.324,   1045
357.678,  374.283,   414.221,   290.043,   253.894,   209.155,   310.531,   365.037,   354,       260.568,   1090
355.467,  372.246,   415.65,    277.645,   252.561,   208.877,   308.72,    365.359,   354,       263.009,   995
357.033,  380.648,   413.576,   281.68,    253.051,   208.99,    309.742,   367.565,   354,       261.224,   975
357.454,  377.025,   416.206,   274.767,   253.358,   208.86,    307.999,   367.327,   354,       261.971,   1070
359.564,  391.988,   410.49,    279.727,   253.71,    208.818,   306.637,   366.702,   354,       263.981,   990
362.293,  394.808,   409.753,   280.025,   254.302,   208.952,   308.339,   367.847,   354,       262.311,   1005
358.758,  387.117,   412.207,   286.931,   254.91,    209.233,   309.139,   367.887,   354,       265.18,    1065
358.945,  388.559,   408.635,   295.812,   254.703,   209.286,   309.302,   367.014,   354,       265.639,   970
358.856,  388.069,   405.37,    305.252,   255.273,   209.067,   307.683,   365.154,   354,       264.971,   1035
360.508,  391.963,   404.744,   308.856,   254.983,   208.941,   306.589,   363.817,   353,       264.446,   1080
362.901,  397.513,   400.678,   319.131,   255.422,   208.899,   306.224,   363.236,   354,       261.627,   1055
363.466,  398.792,   402.542,   329.605,   255.954,   208.843,   306.785,   363.648,   354,       261.053,   955
364.125,  400.324,   402.137,   333.084,   256.051,   209.24,    309.657,   365.338,   353,       260.494,   1035
362.499,  396.661,   404.765,   329.403,   256.204,   209.14,    309.095,   365.555,   354,       259.025,   1040
362.441,  396.539,   408.349,   316.584,   255.458,   208.889,   309.505,   364.934,   354,       259.558,   970
368.723,  415.646,   400.178,   329.01,    256.244,   209.038,   310.893,   366.07,    353,       257.534,   965
373.666,  417.835,   402.899,   299.856,   254.558,   208.438,   309.07,    367.127,   354,       254.397,   1010
375.261,  420.86,    402.632,   295.636,   254.323,   208.623,   310.067,   368.304,   353,       256.451,   1015
377.093,  424.334,   398.815,   292.643,   253.732,   208.442,   307.147,   366.881,   354,       256.007,   990
376.145,  420.718,   395.621,   294.59,    253.801,   208.643,   306.612,   367.949,   353,       255.788,   1120
365.785,  401.701,   406.581,   293.838,   254.122,   208.815,   306.26,    366.162,   354,       260.511,   1005
366.574,  403.822,   404.145,   307.867,   254.522,   208.843,   306.717,   365.856,   353,       260.186,   1005
365.072,  400.891,   410.906,   310.042,   254.206,   208.9,     306.655,   366.662,   353,       260.783,   1085
367.776,  407.773,   410.09,    305.106,   254.264,   208.794,   304.661,   364.573,   353,       259.687,   995
370.203,  413.498,   407.591,   313.859,   254.284,   208.791,   303.433,   363.394,   353,       258.665,   985
368.578,  410.023,   411.084,   314.715,   254.679,   208.926,   302.964,   363.042,   353,       257.543,   1120
371.222,  416.185,   405.109,   315.383,   255.604,   209.073,   304.437,   364.429,   353,       256.175,   1075
363.143,  393.1,     416.397,   309.708,   255.366,   209.255,   307.405,   366.314,   354,       259.293,   980
364.277,  390.187,   417.655,   309.115,   255.521,   209.322,   308.972,   368.636,   353,       259.382,   1045
361.52,   387.353,   412.594,   322.6,     256.07,    209.521,   309.83,    367.53,    353,       261.454,   1070
355.848,  373.52,    413.664,   337.917,   256.994,   209.871,   311.601,   367.021,   353,       264.923,   995
356.949,  380.437,   413.273,   334.804,   256.798,   209.673,   311.2,     365.217,   353,       265.727,   1100
358.045,  388.758,   406.647,   345.617,   257.837,   210.009,   312.518,   365.681,   353,       263.919,   1095
357.549,  384.102,   411.797,   327.477,   257.661,   209.936,   313.902,   368.274,   354,       263.367,   1055
357.792,  385.614,   417.531,   311.699,   256.47,    209.517,   312.231,   366.548,   354,       262.24,    1025
355.769,  386.353,   412.139,   329.827,   257.281,   209.78,    312.379,   367.691,   354,       261.742,   1125
359.73,   395.724,   409.924,   334.714,   255.916,   209.319,   311.359,   367.025,   354,       260.526,   1055
368.613,  421.67,    397.656,   357.177,   256.095,   209.373,   310.995,   366.847,   353,       258.31,    1030
376.587,  441.392,   385.817,   370.817,   256.47,    209.496,   311.819,   369.747,   354,       255.939,   1030
381.704,  449.255,   385.056,   355.244,   255.497,   209.312,   311.739,   370.993,   353,       254.206,   1125
384.843,  456.902,   378.504,   336.748,   255.866,   209.454,   310.793,   370.607,   354,       254.208,   1050
382.876,  447.364,   387.768,   312.401,   255.404,   209.323,   310.764,   371.145,   354,       254.526,   1070
377.346,  433.646,   397.047,   289.77,    254.395,   209.012,   309.613,   370.392,   354,       253.42,    1060
376.723,  431.416,   401.759,   280.417,   254.238,   208.827,   308.31,    368.401,   353,       253.307,   1115
369.135,  413.203,   414.082,   279.512,   254.005,   208.737,   307.955,   369.991,   354,       253.179,   1070
371.457,  418.038,   411.841,   281.957,   253.377,   208.653,   305.554,   367.921,   354,       252.986,   1070
377.045,  430.379,   404.954,   287.983,   253.231,   208.888,   305.974,   368.521,   354,       253.829,   1145
381.376,  435.088,   399.411,   296.207,   253.087,   208.754,   306.64,    370.442,   354,       252.094,   1150
385.268,  443.072,   394.315,   305.735,   253.385,   208.899,   308.452,   370.507,   354,       253.749,   1075
382.955,  436.934,   400.811,   294.846,   253.386,   208.791,   310.866,   372.781,   354,       254.762,   1080
383.8,    437.87,    397.219,   317.255,   255.551,   209.063,   312.565,   373.39,    354,       253.991,   1160
379.86,   428.553,   402.906,   305.976,   255.474,   208.964,   310.412,   371.906,   355,       256.071,   1085
379.088,  426.479,   404.134,   306.011,   255.773,   209.117,   310.692,   372.106,   354,       255.498,   1120
374.249,  415.272,   401.608,   307.606,   255.685,   209.02,    309.667,   371.057,   354,       255.604,   1125
366.456,  397.472,   411.235,   284.799,   253.99,    208.586,   306.253,   367.867,   355,       258.548,   1165
370.97,   407.603,   403.425,   303.202,   254.635,   208.817,   307.658,   367.29,    355,       257.093,   1070
369.811,  404.906,   400.324,   309.944,   254.901,   208.632,   307.225,   365.649,   354,       257.32,    1120
373.539,  413.33,    395.497,   323.49,    255.254,   208.672,   306.022,   364.301,   354,       257.049,   1155
381.064,  430.368,   385.849,   339.727,   256.158,   208.824,   307.581,   365.448,   355,       254.759,   1185
378.103,  423.651,   386.667,   338.54,    256.078,   208.782,   308.207,   365.933,   355,       255.865,   1065
