0,        1,         2,         3,         4,         5,         6,         7,         8,         9,         "T"
376,10,-65,126,
319,      336,       342,       290,       258,       207,       261,       311,       313,       246,       0
318,      335,       342,       289,       259,       208,       261,       310,       312,       239,       0
319,      336,       342,       290,       260,       208,       262,       311,       313,       247,       0
318,      335,       342,       290,       259,       208,       261,       310,       313,       235,       0
320,      336,       342,       290,       258,       207,       260,       310,       313,       248,       0
319,      336,       342,       290,       259,       208,       261,       310,       313,       231,       0
319,      335,       342,       289,       259,       208,       261,       310,       313,       248,       0
319,      337,       342,       290,       259,       208,       262,       311,       313,       234,       0
319,      336,       342,       289,       259,       208,       261,       311,       313,       228,       0
319,      336,       342,       290,       259,       208,       261,       311,       312,       247,       0
319,      338,       342,       290,       259,       208,       261,       311,       313,       228,       0
320,      337,       342,       290,       259,       208,       260,       310,       313,       225,       0
320,      337,       343,       290,       259,       208,       260,       310,       313,       240,       0
320,      337,       343,       290,       259,       207,       261,       311,       313,       225,       0
319,      337,       343,       290,       259,       208,       261,       311,       312,       240,       0
320,      337,       343,       291,       259,       208,       261,       310,       312,       247,       0
320,      337,       343,       290,       259,       207,       261,       311,       313,       231,       0
319,      337,       343,       289,       259,       207,       261,       310,       312,       231,       0
320,      337,       343,       290,       259,       208,       261,       310,       312,       245,       0
320,      337,       343,       290,       260,       208,       261,       311,       313,       235,       0
320,      338,       344,       291,       260,       207,       261,       311,       313,       225,       0
320,      337,       344,       290,       259,       208,       261,       310,       312,       240,       20
320,      337,       344,       290,       259,       208,       261,       310,       312,       246,       50
320,      337,       343,       290,       259,       208,       261,       311,       313,       230,       -25
320,      337,       344,       291,       260,       208,       261,       310,       313,       231,       -10
320,      337,       344,       290,       259,       208,       261,       310,       313,       247,       60
320,      337,       344,       291,       259,       208,       261,       311,       313,       239,       30
320,      337,       344,       290,       258,       208,       261,       311,       313,       225,       -50
319,      338,       344,       290,       258,       207,       260,       310,       313,       243,       25
320,      337,       344,       291,       259,       208,       261,       310,       313,       241,       35
320,      337,       345,       290,       259,       208,       260,       311,       313,       228,       -30
320,      337,       344,       289,       258,       208,       261,       310,       312,       237,       -5
320,      338,       344,       290,       259,       208,       262,       311,       313,       248,       80
321,      337,       345,       290,       259,       208,       261,       311,       313,       232,       0
319,      337,       344,       290,       258,       208,       260,       310,       313,       232,       -30
320,      337,       344,       290,       258,       208,       260,       309,       312,       245,       30
320,      338,       345,       290,       258,       208,       261,       310,       313,       238,       20
319,      338,       345,       290,       258,       208,       260,       311,       313,       227,       -40
319,      337,       344,       290,       259,       208,       260,       310,       312,       246,       40
320,      337,       345,       291,       259,       208,       260,       310,       312,       246,       55
320,      337,       345,       290,       259,       208,       260,       310,       313,       230,       -25
320,      336,       344,       290,       259,       208,       261,       310,       313,       228,       -40
320,      337,       344,       290,       259,       208,       261,       310,       313,       237,       10
321,      338,       344,       290,       258,       208,       261,       311,       312,       240,       30
319,      338,       345,       290,       258,       208,       260,       309,       313,       242,       25
320,      337,       344,       290,       258,       208,       261,       310,       312,       237,       0
320,      337,       345,       291,       259,       208,       261,       310,       312,       229,       -25
321,      337,       344,       291,       259,       208,       261,       310,       314,       231,       -5
319,      337,       345,       290,       259,       208,       260,       310,       312,       230,       -35
321,      338,       344,       291,       259,       207,       261,       310,       313,       233,       0
320,      337,       344,       291,       259,       208,       261,       310,       313,       226,       -40
320,      338,       344,       290,       258,       208,       261,       309,       313,       242,       30
319,      337,       344,       290,       258,       208,       260,       310,       313,       243,       25
320,      338,       344,       291,       259,       208,       261,       311,       313,       228,       -20
320,      337,       344,       290,       259,       208,       260,       309,       312,       233,       -25
320,      337,       344,       290,       258,       208,       260,       309,       312,       247,       40
321,      337,       344,       290,       258,       208,       260,       310,       313,       236,       0
320,      337,       344,       290,       258,       208,       260,       310,       312,       227,       -55
319,      337,       345,       290,       257,       208,       259,       309,       312,       242,       5
320,      337,       345,       290,       257,       208,       259,       309,       312,       242,       10
320,      337,       345,       291,       258,       207,       260,       310,       312,       229,       -40
319,      336,       344,       291,       257,       208,       259,       308,       311,       235,       -45
319,      337,       344,       290,       257,       208,       259,       308,       311,       249,       25
320,      337,       345,       290,       258,       208,       260,       309,       312,       234,       -20
320,      337,       344,       290,       258,       208,       259,       309,       312,       224,       -80
319,      337,       344,       290,       257,       208,       259,       308,       311,       240,       -20
320,      337,       345,       291,       258,       208,       259,       309,       311,       243,       20
319,      336,       343,       291,       257,       207,       260,       309,       312,       233,       -50
319,      336,       345,       290,       257,       208,       259,       308,       311,       240,       -20
319,      336,       344,       290,       256,       208,       259,       308,       311,       247,       5
319,      337,       345,       290,       258,       208,       259,       308,       311,       233,       -45
319,      336,       343,       290,       258,       208,       259,       309,       311,       226,       -90
319,      336,       343,       290,       257,       208,       259,       307,       311,       240,       -35
320,      337,       344,       290,       257,       208,       258,       308,       312,       247,       20
320,      336,       343,       290,       257,       208,       259,       309,       312,       229,       -70
319,      336,       343,       290,       257,       208,       259,       308,       311,       231,       -75
320,      336,       344,       290,       257,       208,       259,       309,       311,       247,       20
320,      337,       344,       290,       257,       208,       259,       308,       312,       237,       -25
321,      336,       344,       290,       257,       208,       259,       309,       311,       224,       -90
320,      336,       344,       290,       257,       208,       258,       308,       311,       249,       20
321,      337,       344,       291,       257,       207,       260,       308,       311,       247,       30
321,      337,       344,       291,       258,       208,       259,       309,       312,       231,       -35
321,      336,       344,       291,       258,       208,       259,       308,       312,       228,       -60
321,      336,       345,       290,       257,       208,       259,       308,       312,       246,       25
322,      337,       344,       290,       257,       208,       259,       309,       312,       239,       0
322,      337,       344,       290,       257,       207,       260,       309,       312,       225,       -70
322,      336,       344,       290,       257,       208,       259,       308,       311,       240,       -10
322,      337,       344,       290,       257,       208,       259,       308,       311,       245,       20
322,      337,       344,       291,       258,       208,       259,       309,       312,       233,       -20
321,      337,       344,       290,       257,       207,       259,       308,       312,       229,       -65
322,      338,       344,       290,       256,       208,       258,       307,       311,       244,       5
323,      337,       344,       291,       257,       208,       259,       308,       312,       237,       -5
323,      337,       344,       291,       257,       208,       260,       309,       312,       226,       -50
323,      337,       344,       290,       257,       208,       258,       308,       311,       240,       -5
323,      338,       344,       290,       257,       208,       259,       308,       312,       247,       45
324,      337,       344,       291,       257,       207,       260,       309,       312,       231,       -25
323,      338,       344,       291,       258,       208,       259,       309,       312,       227,       -40
323,      338,       344,       291,       257,       208,       259,       308,       312,       246,       45
325,      338,       344,       291,       257,       208,       260,       309,       312,       241,       40
324,      339,       344,       291,       258,       208,       259,       310,       312,       226,       -30
325,      338,       344,       290,       258,       208,       259,       308,       311,       224,       -60
326,      338,       344,       290,       257,       208,       259,       309,       313,       244,       55
325,      339,       344,       291,       258,       207,       260,       310,       312,       245,       70
324,      340,       345,       292,       258,       208,       260,       308,       312,       232,       10
325,      339,       345,       292,       258,       208,       260,       309,       312,       249,       100
326,      339,       345,       292,       258,       208,       260,       311,       313,       242,       85
326,      339,       345,       291,       259,       208,       261,       311,       313,       226,       10
325,      339,       345,       290,       258,       208,       260,       309,       312,       241,       50
327,      340,       346,       292,       259,       208,       261,       310,       313,       245,       120
327,      340,       345,       291,       258,       208,       261,       311,       313,       231,       40
327,      339,       345,       292,       258,       208,       261,       311,       313,       233,       50
327,      339,       345,       291,       258,       208,       260,       310,       313,       248,       110
328,      340,       346,       291,       259,       208,       261,       311,       313,       236,       80
327,      340,       346,       293,       259,       208,       261,       311,       314,       226,       40
327,      340,       346,       292,       259,       208,       261,       311,       314,       241,       110
329,      341,       346,       291,       259,       208,       261,       311,       312,       246,       135
328,      340,       346,       291,       259,       208,       262,       311,       314,       229,       55
327,      340,       346,       292,       259,       208,       261,       311,       313,       232,       60
328,      341,       346,       293,       259,       208,       261,       311,       314,       250,       170
329,      341,       346,       293,       259,       207,       262,       312,       314,       235,       105
329,      341,       347,       292,       259,       208,       261,       312,       314,       237,       115
328,      340,       347,       293,       259,       207,       261,       312,       313,       248,       155
328,      341,       347,       293,       259,       208,       262,       312,       313,       245,       155
329,      342,       348,       293,       260,       208,       262,       312,       314,       228,       95
329,      342,       347,       293,       259,       207,       262,       311,       314,       232,       95
329,      341,       348,       292,       258,       208,       261,       312,       313,       248,       165
328,      341,       347,       293,       259,       208,       262,       313,       314,       249,       185
329,      342,       348,       293,       259,       208,       262,       312,       314,       228,       90
330,      342,       347,       293,       258,       208,       261,       311,       313,       227,       65
329,      340,       348,       293,       259,       208,       262,       312,       314,       240,       140
329,      342,       348,       294,       259,       208,       262,       313,       314,       229,       105
330,      341,       348,       293,       259,       208,       261,       312,       313,       246,       170
329,      341,       348,       293,       258,       208,       262,       312,       314,       238,       130
330,      342,       348,       294,       258,       208,       262,       313,       314,       234,       130
330,      343,       349,       294,       258,       208,       262,       313,       314,       234,       140
330,      341,       349,       293,       258,       208,       262,       312,       314,       245,       175
330,      341,       349,       294,       258,       208,       262,       312,       314,       240,       155
330,      342,       348,       294,       258,       208,       262,       311,       313,       244,       165
330,      342,       349,       294,       259,       208,       263,       313,       314,       230,       125
329,      342,       348,       294,       259,       208,       262,       312,       314,       231,       110
329,      341,       348,       294,       258,       208,       261,       312,       314,       230,       90
330,      341,       349,       294,       258,       208,       261,       312,       313,       252,       205
330,      342,       349,       294,       258,       208,       262,       313,       314,       236,       145
330,      342,       349,       293,       258,       208,       262,       312,       314,       225,       80
330,      342,       349,       294,       258,       208,       262,       312,       313,       242,       165
330,      342,       348,       295,       258,       208,       262,       312,       314,       246,       190
331,      342,       349,       294,       257,       208,       262,       312,       314,       230,       110
331,      342,       349,       294,       258,       208,       262,       313,       313,       230,       115
330,      342,       349,       295,       258,       208,       262,       313,       313,       252,       225
330,      343,       349,       294,       258,       208,       262,       313,       315,       235,       150
330,      342,       349,       295,       258,       208,       262,       312,       315,       227,       105
330,      342,       349,       295,       258,       208,       262,       312,       313,       251,       215
330,      342,       349,       295,       259,       208,       263,       313,       314,       241,       185
331,      343,       349,       295,       258,       208,       263,       314,       314,       228,       130
330,      341,       349,       295,       258,       208,       262,       312,       314,       241,       165
330,      342,       350,       295,       258,       208,       262,       312,       314,       251,       225
331,      343,       349,       295,       258,       208,       262,       313,       314,       229,       125
330,      342,       350,       295,       257,       208,       261,       313,       314,       228,       105
330,      342,       350,       295,       258,       208,       261,       312,       314,       243,       180
331,      343,       350,       296,       258,       207,       262,       312,       314,       243,       195
330,      343,       350,       296,       258,       208,       263,       313,       314,       229,       135
331,      342,       350,       296,       258,       208,       261,       312,       313,       238,       160
330,      342,       350,       296,       258,       208,       262,       312,       314,       247,       210
331,      342,       350,       296,       258,       208,       262,       313,       314,       234,       155
330,      342,       350,       295,       258,       208,       263,       313,       314,       228,       120
330,      342,       350,       296,       258,       208,       262,       312,       313,       249,       215
331,      343,       351,       296,       258,       208,       262,       313,       314,       238,       185
330,      342,       350,       296,       257,       207,       262,       312,       314,       225,       90
330,      342,       350,       296,       258,       208,       262,       313,       314,       246,       210
331,      342,       350,       296,       259,       208,       263,       314,       314,       244,       220
332,      342,       350,       296,       259,       207,       262,       314,       314,       230,       145
329,      342,       350,       295,       258,       208,       262,       313,       314,       233,       135
331,      343,       350,       297,       258,       208,       262,       313,       314,       247,       230
330,      342,       350,       297,       258,       208,       263,       314,       315,       234,       170
330,      342,       351,       296,       259,       208,       263,       314,       315,       227,       140
330,      342,       350,       296,       258,       208,       262,       313,       314,       240,       180
331,      342,       351,       296,       258,       208,       262,       314,       314,       242,       205
330,      342,       351,       297,       259,       208,       263,       314,       315,       229,       155
330,      342,       351,       296,       258,       208,       263,       313,       314,       237,       175
331,      342,       351,       296,       258,       208,       262,       313,       314,       248,       230
331,      342,       351,       297,       259,       207,       263,       314,       315,       231,       165
330,      341,       351,       297,       258,       208,       263,       314,       315,       230,       150
330,      342,       351,       297,       258,       208,       262,       313,       314,       246,       220
331,      343,       351,       297,       257,       208,       263,       314,       314,       239,       200
330,      342,       350,       297,       257,       208,       263,       314,       314,       225,       115
330,      343,       351,       297,       257,       207,       262,       312,       313,       245,       200
331,      342,       351,       298,       258,       208,       262,       313,       314,       245,       225
330,      343,       351,       297,       257,       208,       262,       313,       314,       242,       200
331,      343,       351,       298,       257,       208,       263,       313,       314,       227,       140
330,      343,       351,       298,       257,       208,       262,       313,       314,       236,       175
331,      342,       352,       297,       257,       208,       262,       313,       314,       247,       230
331,      342,       352,       298,       257,       207,       263,       313,       314,       233,       165
330,      342,       352,       297,       257,       208,       262,       313,       314,       228,       130
330,      343,       352,       298,       257,       208,       262,       312,       313,       259,       285
330,      343,       352,       299,       257,       208,       262,       313,       314,       239,       200
330,      343,       352,       298,       257,       208,       262,       313,       314,       226,       130
330,      343,       352,       298,       257,       208,       262,       313,       313,       226,       125
331,      343,       352,       298,       256,       208,       262,       313,       314,       247,       235
331,      343,       352,       298,       257,       208,       263,       314,       314,       246,       245
331,      342,       352,       299,       258,       208,       263,       313,       314,       232,       175
331,      342,       352,       298,       257,       208,       262,       313,       314,       247,       235
331,      343,       352,       298,       257,       208,       263,       314,       315,       235,       195
332,      343,       352,       298,       258,       208,       262,       314,       314,       237,       205
331,      342,       352,       299,       258,       208,       263,       313,       314,       245,       240
331,      343,       352,       298,       257,       208,       262,       314,       314,       244,       230
332,      343,       352,       299,       257,       208,       263,       314,       314,       227,       160
331,      344,       352,       299,       258,       208,       263,       314,       314,       238,       220
332,      343,       353,       299,       258,       208,       263,       313,       315,       246,       265
331,      343,       353,       299,       258,       207,       262,       315,       315,       248,       270
331,      342,       353,       299,       258,       207,       263,       314,       314,       233,       185
331,      343,       353,       298,       257,       208,       263,       314,       314,       228,       160
332,      344,       353,       299,       258,       208,       263,       315,       315,       236,       230
332,      344,       353,       300,       258,       208,       264,       314,       315,       225,       180
331,      343,       353,       299,       257,       207,       262,       314,       314,       251,       270
331,      343,       353,       299,       258,       208,       263,       314,       315,       244,       255
331,      343,       353,       300,       258,       207,       264,       314,       315,       245,       265
331,      343,       353,       300,       258,       208,       264,       315,       314,       236,       225
331,      343,       353,       300,       257,       208,       263,       314,       314,       241,       235
331,      343,       353,       301,       258,       208,       264,       315,       315,       233,       220
332,      343,       353,       300,       259,       208,       264,       315,       315,       235,       235
331,      343,       353,       300,       257,       208,       263,       314,       314,       247,       265
331,      342,       353,       299,       257,       208,       263,       315,       314,       244,       245
331,      344,       354,       301,       258,       207,       263,       315,       315,       226,       185
332,      344,       354,       300,       257,       207,       263,       314,       314,       227,       175
332,      343,       354,       300,       257,       207,       263,       314,       314,       245,       260
332,      343,       354,       301,       258,       207,       263,       315,       316,       247,       295
332,      344,       354,       300,       257,       207,       263,       314,       314,       233,       205
331,      343,       354,       300,       256,       208,       263,       313,       314,       229,       170
331,      344,       354,       301,       257,       207,       263,       315,       315,       233,       215
332,      344,       354,       301,       257,       208,       263,       315,       315,       235,       235
331,      343,       354,       300,       257,       208,       263,       313,       314,       248,       270
331,      343,       354,       301,       257,       208,       263,       314,       314,       244,       260
333,      344,       354,       301,       258,       208,       262,       313,       314,       244,       270
332,      343,       355,       301,       257,       208,       262,       313,       314,       226,       170
331,      343,       355,       301,       257,       208,       263,       313,       314,       238,       230
332,      344,       354,       302,       257,       208,       263,       315,       314,       246,       290
332,      343,       354,       302,       256,       208,       263,       314,       315,       230,       200
331,      344,       354,       301,       256,       209,       263,       313,       314,       237,       225
331,      343,       354,       302,       257,       208,       262,       313,       314,       250,       285
332,      344,       355,       302,       257,       208,       263,       314,       315,       233,       230
331,      343,       355,       301,       257,       208,       264,       314,       315,       227,       190
332,      344,       355,       301,       257,       208,       264,       314,       314,       246,       290
332,      344,       355,       302,       257,       207,       263,       314,       314,       239,       250
332,      344,       355,       302,       256,       208,       262,       313,       314,       226,       175
332,      344,       354,       302,       257,       208,       263,       314,       314,       241,       260
332,      344,       355,       303,       257,       208,       263,       314,       314,       246,       295
332,      344,       356,       302,       257,       208,       263,       314,       314,       230,       215
333,      344,       356,       303,       257,       208,       263,       315,       314,       228,       220
333,      345,       356,       302,       257,       208,       263,       314,       315,       230,       230
332,      343,       355,       302,       257,       208,       263,       314,       314,       247,       290
332,      344,       355,       303,       257,       208,       263,       314,       314,       248,       305
331,      344,       356,       303,       257,       208,       263,       314,       314,       231,       220
332,      344,       356,       302,       257,       208,       263,       313,       315,       230,       215
332,      344,       356,       303,       257,       208,       264,       314,       315,       235,       255
332,      345,       356,       303,       257,       208,       263,       315,       315,       242,       295
332,      344,       356,       303,       257,       208,       263,       315,       314,       227,       210
332,      344,       356,       303,       257,       208,       263,       314,       313,       236,       245
332,      344,       356,       303,       257,       208,       263,       313,       314,       248,       305
332,      344,       356,       303,       257,       208,       263,       314,       314,       234,       240
333,      344,       356,       303,       257,       208,       263,       314,       314,       227,       210
332,      343,       356,       303,       256,       208,       263,       314,       314,       245,       285
332,      344,       356,       303,       256,       208,       263,       314,       315,       241,       275
333,      344,       356,       303,       257,       208,       264,       315,       315,       225,       215
332,      344,       357,       303,       257,       208,       263,       314,       314,       240,       275
332,      344,       357,       304,       257,       208,       264,       314,       314,       246,       315
332,      344,       357,       303,       257,       208,       264,       315,       315,       232,       250
332,      343,       357,       304,       257,       207,       263,       314,       315,       232,       235
332,      345,       357,       304,       257,       208,       263,       314,       314,       248,       325
333,      344,       357,       304,       257,       208,       264,       315,       315,       236,       280
332,      344,       357,       304,       256,       208,       264,       315,       314,       225,       210
332,      344,       357,       304,       256,       208,       263,       314,       314,       257,       360
333,      344,       357,       304,       257,       208,       263,       314,       314,       249,       330
332,      344,       357,       304,       257,       208,       263,       314,       314,       228,       220
332,      344,       357,       304,       256,       208,       263,       313,       314,       247,       305
332,      345,       357,       305,       257,       207,       263,       315,       315,       247,       330
332,      344,       357,       305,       257,       207,       263,       314,       314,       231,       235
332,      343,       357,       304,       257,       207,       263,       314,       314,       228,       210
332,      344,       358,       305,       256,       207,       263,       315,       315,       236,       270
333,      345,       358,       305,       257,       208,       263,       315,       315,       225,       235
332,      344,       358,       305,       257,       208,       263,       314,       314,       241,       295
332,      344,       358,       305,       257,       208,       263,       314,       314,       245,       315
332,      345,       357,       306,       257,       208,       264,       315,       315,       229,       255
333,      345,       358,       305,       257,       208,       264,       314,       314,       232,       265
333,      345,       358,       305,       256,       207,       263,       314,       314,       249,       335
333,      344,       358,       305,       257,       208,       264,       315,       315,       235,       285
333,      344,       358,       305,       257,       208,       263,       315,       314,       230,       250
332,      344,       358,       305,       256,       208,       263,       314,       314,       254,       355
333,      344,       358,       305,       256,       207,       263,       315,       314,       242,       300
332,      344,       358,       306,       257,       208,       264,       315,       314,       227,       240
332,      344,       358,       305,       256,       208,       263,       313,       314,       242,       290
333,      344,       358,       305,       256,       208,       263,       314,       314,       247,       325
332,      344,       359,       305,       256,       208,       264,       314,       314,       249,       340
333,      345,       358,       306,       257,       208,       264,       314,       314,       234,       280
333,      344,       358,       306,       256,       208,       263,       314,       315,       229,       245
333,      344,       359,       305,       256,       208,       263,       315,       315,       237,       290
332,      345,       359,       306,       257,       208,       264,       315,       315,       243,       335
333,      345,       359,       306,       256,       208,       263,       314,       314,       240,       305
332,      344,       359,       306,       256,       207,       263,       314,       314,       239,       285
333,      345,       359,       307,       257,       207,       264,       315,       314,       233,       285
334,      344,       359,       306,       256,       208,       263,       314,       315,       232,       270
333,      345,       359,       306,       256,       208,       263,       314,       314,       249,       350
332,      344,       359,       307,       257,       208,       264,       315,       314,       246,       345
333,      344,       359,       307,       256,       208,       264,       316,       314,       226,       250
333,      345,       360,       307,       257,       208,       263,       314,       315,       225,       250
334,      344,       359,       306,       256,       208,       263,       314,       314,       242,       315
333,      344,       359,       307,       256,       208,       264,       315,       315,       246,       350
333,      345,       359,       307,       257,       208,       263,       315,       314,       237,       305
332,      344,       360,       307,       257,       208,       264,       314,       314,       234,       285
333,      344,       359,       307,       257,       208,       263,       314,       314,       248,       350
334,      344,       359,       307,       257,       208,       264,       315,       315,       238,       320
333,      345,       360,       307,       256,       208,       264,       315,       314,       228,       265
333,      344,       360,       307,       256,       208,       263,       314,       314,       252,       370
334,      345,       359,       307,       257,       208,       263,       314,       314,       246,       350
334,      344,       360,       307,       256,       208,       263,       314,       315,       227,       255
334,      344,       360,       307,       256,       208,       264,       315,       314,       236,       305
333,      345,       360,       308,       257,       208,       264,       314,       315,       248,       375
333,      345,       360,       308,       257,       208,       264,       316,       315,       233,       310
333,      344,       360,       307,       256,       208,       264,       314,       315,       228,       260
333,      344,       360,       307,       257,       208,       264,       315,       315,       244,       350
334,      345,       360,       308,       257,       208,       264,       315,       315,       239,       340
334,      345,       360,       308,       256,       208,       265,       316,       315,       227,       285
333,      345,       361,       308,       257,       208,       264,       315,       314,       252,       400
333,      345,       361,       309,       257,       208,       264,       315,       315,       255,       425
334,      345,       360,       309,       257,       208,       264,       315,       315,       232,       310
333,      344,       361,       308,       256,       208,       264,       316,       315,       228,       280
333,      344,       360,       308,       257,       208,       264,       315,       315,       244,       355
334,      345,       361,       308,       257,       208,       264,       315,       315,       245,       375
334,      345,       361,       309,       257,       208,       265,       316,       315,       246,       395
333,      345,       361,       309,       257,       207,       265,       316,       315,       234,       325
334,      345,       361,       309,       256,       208,       265,       315,       315,       230,       305
334,      345,       361,       309,       257,       208,       265,       316,       315,       241,       370
335,      346,       361,       309,       257,       208,       265,       316,       315,       228,       315
334,      345,       361,       309,       257,       208,       265,       315,       315,       241,       365
333,      345,       361,       309,       257,       207,       264,       315,       315,       252,       405
334,      345,       361,       310,       257,       208,       265,       316,       316,       229,       320
333,      345,       362,       309,       257,       208,       264,       315,       315,       241,       360
334,      345,       362,       309,       256,       208,       264,       315,       315,       236,       335
334,      345,       362,       310,       256,       208,       264,       315,       315,       231,       315
334,      346,       362,       310,       257,       208,       265,       316,       315,       234,       350
335,      347,       362,       310,       257,       208,       264,       316,       316,       235,       365
334,      345,       362,       309,       256,       207,       264,       315,       315,       246,       380
334,      346,       362,       310,       256,       207,       264,       315,       314,       241,       360
335,      345,       362,       311,       257,       208,       265,       316,       315,       227,       320
335,      345,       363,       310,       256,       207,       264,       315,       315,       229,       310
335,      345,       362,       310,       256,       208,       264,       314,       314,       246,       385
334,      345,       363,       310,       257,       208,       264,       316,       315,       255,       450
334,      345,       362,       311,       257,       208,       264,       316,       315,       228,       315
334,      345,       362,       310,       255,       208,       264,       315,       314,       227,       285
336,      346,       363,       310,       256,       208,       264,       315,       314,       241,       380
335,      346,       363,       311,       256,       208,       264,       316,       315,       227,       320
334,      345,       363,       311,       257,       208,       264,       315,       314,       237,       355
335,      346,       362,       312,       256,       208,       264,       315,       314,       247,       410
335,      345,       363,       311,       256,       208,       264,       315,       315,       233,       340
334,      346,       363,       310,       255,       207,       263,       315,       315,       229,       300
334,      345,       363,       311,       255,       208,       264,       314,       315,       245,       385
335,      346,       364,       311,       256,       208,       264,       315,       315,       238,       375
335,      345,       363,       311,       256,       208,       264,       315,       315,       227,       310
334,      345,       363,       311,       256,       208,       263,       314,       314,       241,       360
335,      346,       364,       312,       257,       208,       264,       314,       314,       247,       420
335,      346,       364,       311,       256,       208,       265,       315,       315,       231,       345
335,      345,       364,       311,       256,       208,       265,       315,       315,       227,       320
334,      346,       364,       312,       255,       208,       264,       314,       314,       249,       415
335,      346,       364,       312,       256,       206,       264,       315,       315,       240,       380
335,      345,       363,       311,       256,       208,       264,       315,       314,       225,       295
335,      345,       364,       311,       256,       208,       264,       315,       314,       238,       365
335,      345,       364,       311,       256,       208,       264,       315,       314,       248,       415
335,      346,       364,       312,       256,       208,       265,       315,       315,       234,       365
335,      345,       364,       312,       256,       207,       264,       315,       315,       228,       320
336,      346,       364,       312,       256,       208,       263,       314,       314,       250,       430
335,      346,       364,       312,       255,       208,       263,       314,       314,       242,       380
336,      346,       364,       313,       256,       208,       265,       316,       314,       226,       335
335,      346,       364,       312,       256,       208,       264,       314,       314,       238,       370
335,      346,       364,       312,       256,       208,       264,       314,       314,       249,       425
336,      346,       365,       313,       256,       208,       265,       316,       315,       231,       370
