0,        1,         2,         3,         4,         5,         6,         7,         8,         9,         "T"
383,10,-52,122,
316,      338,       439,       375,       251,       210,       331,       408,       367,       256,       0
317,      338,       439,       375,       251,       210,       331,       409,       368,       249,       0
316,      339,       439,       375,       252,       210,       331,       408,       368,       263,       0
318,      339,       438,       375,       251,       210,       331,       409,       368,       264,       0
317,      338,       438,       374,       251,       210,       331,       408,       368,       250,       0
318,      339,       439,       375,       252,       210,       332,       409,       368,       260,       0
318,      339,       438,       375,       252,       210,       331,       409,       368,       261,       0
317,      338,       439,       375,       251,       210,       331,       409,       368,       267,       0
317,      339,       438,       375,       252,       210,       331,       409,       369,       247,       0
317,      338,       439,       375,       251,       210,       331,       408,       368,       262,       0
316,      339,       438,       375,       251,       210,       331,       409,       368,       276,       0
317,      339,       439,       375,       252,       210,       331,       409,       368,       249,       0
317,      338,       439,       375,       251,       210,       331,       409,       368,       248,       0
317,      338,       439,       375,       251,       210,       330,       407,       368,       269,       0
318,      339,       439,       376,       251,       210,       330,       408,       368,       254,       0
316,      338,       439,       375,       250,       210,       330,       408,       367,       256,       0
317,      339,       439,       375,       251,       210,       331,       408,       367,       267,       0
317,      339,       439,       375,       251,       210,       331,       407,       367,       260,       0
317,      338,       438,       375,       250,       210,       331,       407,       367,       264,       0
316,      339,       438,       375,       252,       210,       330,       408,       368,       257,       0
317,      338,       438,       374,       251,       210,       330,       407,       367,       270,       0
317,      339,       438,       375,       251,       210,       330,       407,       367,       268,       0
318,      339,       438,       375,       251,       210,       331,       407,       368,       253,       0
317,      338,       438,       375,       251,       210,       331,       407,       368,       254,       0
317,      339,       438,       375,       251,       210,       330,       408,       367,       270,       0
317,      339,       438,       375,       252,       210,       331,       408,       368,       250,       0
317,      339,       437,       375,       251,       210,       331,       407,       368,       260,       0
317,      339,       438,       375,       252,       210,       331,       407,       368,       261,       0
318,      339,       438,       376,       252,       210,       331,       408,       369,       262,       30
317,      338,       438,       375,       252,       210,       331,       409,       368,       247,       -60.625
318,      339,       439,       375,       251,       210,       331,       408,       368,       268,       50.312
318,      339,       439,       375,       252,       210,       331,       409,       369,       256,       5
318,      339,       438,       375,       251,       210,       332,       409,       369,       251,       -25.313
318,      339,       439,       375,       252,       210,       332,       409,       369,       271,       85
318,      339,       438,       375,       252,       210,       332,       409,       369,       249,       -30.625
318,      339,       439,       375,       252,       210,       332,       409,       369,       262,       39.375
319,      341,       439,       375,       254,       210,       333,       411,       373,       271,       145.311
318,      340,       439,       374,       252,       209,       332,       409,       369,       247,       -40
318,      339,       438,       375,       252,       210,       332,       408,       368,       266,       44.687
319,      339,       438,       375,       251,       210,       332,       409,       369,       264,       44.687
320,      339,       439,       376,       252,       210,       332,       410,       369,       261,       55
318,      340,       439,       375,       252,       210,       332,       409,       369,       249,       -20
318,      339,       439,       375,       252,       210,       332,       409,       369,       267,       64.375
319,      340,       439,       376,       251,       210,       332,       410,       369,       257,       30.312
320,      340,       439,       376,       252,       210,       332,       410,       369,       250,       5
319,      340,       439,       376,       251,       210,       332,       409,       370,       278,       134.686
320,      340,       439,       376,       252,       210,       333,       410,       370,       253,       29.375
320,      340,       439,       376,       252,       210,       333,       409,       369,       257,       40
320,      340,       439,       376,       251,       210,       332,       410,       369,       282,       160
320,      340,       439,       376,       252,       210,       333,       410,       370,       247,       0
320,      341,       439,       376,       251,       210,       332,       409,       369,       264,       69.686
320,      341,       439,       376,       252,       210,       333,       410,       369,       265,       90.311
320,      341,       439,       376,       252,       210,       333,       411,       370,       248,       14.686
320,      341,       439,       376,       252,       210,       333,       409,       370,       250,       15
320,      341,       440,       376,       252,       210,       333,       410,       370,       286,       205
321,      341,       439,       376,       252,       210,       333,       411,       370,       259,       74.686
320,      341,       439,       376,       252,       210,       334,       411,       370,       250,       29.686
320,      341,       440,       376,       252,       210,       333,       410,       370,       269,       119.375
321,      341,       439,       376,       252,       210,       334,       411,       371,       256,       70
321,      341,       440,       376,       252,       210,       333,       411,       371,       255,       64.686
320,      341,       440,       376,       252,       210,       333,       410,       371,       254,       50.625
320,      342,       440,       376,       253,       210,       334,       411,       371,       274,       169.375
321,      342,       439,       377,       252,       210,       334,       411,       371,       258,       89.375
321,      341,       440,       376,       252,       210,       333,       411,       370,       269,       130.311
321,      342,       440,       377,       252,       210,       334,       411,       371,       248,       45.311
321,      341,       440,       377,       252,       210,       333,       411,       370,       268,       129.686
321,      341,       440,       376,       252,       210,       333,       410,       370,       268,       120
322,      342,       440,       377,       253,       210,       334,       412,       371,       262,       130.311
321,      342,       441,       376,       252,       210,       334,       411,       371,       253,       70.311
321,      342,       440,       377,       252,       210,       333,       410,       371,       270,       144.375
322,      342,       440,       376,       252,       210,       334,       411,       371,       275,       179.375
322,      342,       440,       377,       252,       210,       334,       411,       371,       260,       110
321,      342,       440,       377,       251,       210,       334,       411,       371,       252,       60
322,      342,       441,       377,       252,       210,       334,       411,       370,       270,       160.311
322,      342,       440,       377,       252,       210,       334,       411,       371,       253,       75
321,      342,       440,       377,       252,       210,       334,       410,       371,       259,       94.686
322,      342,       440,       378,       252,       210,       334,       410,       370,       267,       139.686
322,      342,       440,       377,       252,       210,       334,       411,       371,       248,       49.686
322,      342,       441,       377,       252,       210,       334,       411,       370,       266,       139.686
322,      342,       440,       378,       252,       210,       334,       411,       371,       262,       124.686
322,      342,       441,       377,       252,       210,       333,       411,       371,       251,       64.686
322,      343,       441,       377,       252,       210,       334,       411,       371,       271,       174.686
323,      343,       441,       378,       252,       210,       335,       411,       371,       260,       134.686
323,      343,       441,       378,       252,       210,       335,       412,       371,       264,       160.311
322,      342,       441,       377,       252,       210,       334,       411,       371,       269,       159.686
323,      343,       441,       378,       252,       210,       334,       411,       371,       269,       175
323,      343,       441,       378,       252,       210,       334,       412,       371,       260,       134.686
323,      343,       441,       379,       253,       210,       334,       412,       371,       253,       109.686
323,      343,       441,       378,       252,       210,       335,       411,       371,       271,       189.375
324,      343,       441,       378,       252,       210,       335,       413,       372,       272,       214.375
323,      343,       441,       378,       253,       210,       335,       412,       372,       258,       139.375
324,      343,       442,       378,       252,       210,       335,       412,       372,       276,       235
324,      344,       442,       378,       253,       210,       336,       413,       372,       251,       129.686
324,      343,       442,       379,       253,       210,       335,       413,       372,       261,       174.686
324,      344,       442,       379,       252,       210,       336,       413,       372,       277,       260
323,      344,       442,       379,       253,       210,       336,       413,       372,       251,       130
324,      344,       442,       379,       252,       210,       336,       413,       372,       265,       200.625
324,      343,       442,       379,       253,       210,       336,       414,       373,       271,       240.311
324,      345,       442,       379,       253,       210,       336,       414,       373,       265,       220
324,      344,       442,       379,       252,       210,       336,       414,       373,       249,       129.061
323,      344,       443,       379,       253,       210,       336,       413,       373,       268,       225
324,      344,       443,       380,       253,       210,       337,       415,       373,       268,       250
325,      344,       443,       379,       253,       210,       337,       414,       373,       260,       205
324,      344,       443,       379,       253,       210,       336,       414,       373,       256,       174.686
324,      344,       442,       380,       253,       210,       337,       414,       373,       271,       254.686
325,      345,       443,       380,       254,       210,       337,       415,       373,       256,       204.375
324,      344,       442,       379,       253,       210,       338,       415,       373,       257,       189.686
325,      346,       443,       380,       254,       210,       338,       415,       374,       271,       295
324,      344,       443,       380,       253,       210,       337,       416,       374,       250,       170
324,      345,       443,       380,       253,       210,       337,       415,       374,       263,       235
325,      345,       443,       380,       254,       210,       338,       416,       374,       265,       264.687
325,      345,       443,       380,       254,       210,       339,       416,       374,       248,       185
324,      345,       443,       380,       254,       210,       338,       415,       374,       267,       265
326,      345,       443,       380,       254,       210,       338,       416,       374,       265,       269.687
325,      346,       444,       380,       255,       209,       339,       416,       375,       251,       214.375
325,      345,       443,       380,       254,       210,       339,       417,       375,       259,       249.686
326,      345,       444,       381,       254,       210,       339,       416,       375,       273,       330
325,      345,       444,       381,       254,       210,       339,       417,       375,       258,       254.687
325,      345,       444,       381,       254,       210,       339,       417,       376,       253,       235
325,      345,       444,       381,       253,       210,       338,       416,       375,       255,       224.686
325,      346,       444,       381,       254,       210,       339,       417,       376,       253,       240.312
326,      345,       444,       381,       254,       210,       340,       417,       374,       256,       250
326,      346,       444,       381,       254,       210,       339,       417,       375,       269,       319.687
326,      346,       444,       381,       255,       210,       340,       418,       375,       250,       239.687
326,      346,       444,       381,       254,       210,       339,       417,       375,       265,       300
326,      346,       444,       382,       254,       210,       340,       418,       376,       267,       330.312
327,      346,       444,       382,       255,       210,       340,       418,       376,       263,       319.687
326,      346,       444,       381,       254,       210,       339,       417,       375,       270,       325
326,      346,       444,       382,       254,       210,       339,       418,       376,       269,       335
327,      346,       444,       382,       255,       210,       340,       419,       376,       262,       319.687
326,      346,       444,       382,       255,       210,       340,       419,       376,       250,       254.375
326,      346,       445,       382,       254,       210,       340,       418,       376,       272,       359.687
327,      346,       444,       382,       255,       210,       341,       419,       377,       272,       380
328,      347,       445,       382,       255,       210,       341,       418,       376,       254,       295
326,      346,       445,       382,       255,       210,       340,       419,       376,       252,       269.687
327,      346,       445,       383,       255,       210,       341,       419,       377,       275,       404.687
327,      347,       444,       383,       255,       210,       341,       419,       377,       254,       299.687
327,      346,       445,       383,       255,       210,       341,       419,       376,       260,       325
328,      347,       445,       383,       255,       210,       342,       420,       377,       271,       404.687
327,      347,       445,       383,       255,       210,       341,       419,       377,       272,       394.687
328,      347,       445,       383,       255,       210,       341,       419,       377,       267,       375.312
327,      347,       445,       383,       255,       210,       341,       420,       377,       251,       295
327,      346,       446,       383,       254,       210,       341,       419,       376,       271,       379.687
326,      347,       446,       383,       255,       209,       341,       420,       377,       271,       390
328,      347,       446,       384,       255,       210,       342,       420,       377,       253,       324.687
328,      347,       446,       383,       255,       210,       342,       420,       377,       252,       315
326,      347,       446,       383,       255,       210,       342,       420,       377,       273,       409.687
327,      347,       446,       384,       256,       210,       342,       421,       378,       258,       360
327,      347,       446,       384,       255,       210,       342,       421,       377,       256,       340
327,      347,       446,       384,       255,       210,       342,       420,       378,       256,       340
327,      348,       446,       384,       256,       210,       343,       422,       378,       278,       475
328,      348,       446,       384,       255,       210,       342,       420,       377,       250,       315.625
328,      347,       446,       384,       256,       210,       342,       421,       378,       268,       414.687
328,      348,       446,       384,       256,       210,       343,       421,       378,       251,       340
327,      347,       446,       384,       255,       210,       343,       421,       378,       272,       429.375
328,      348,       447,       385,       256,       210,       343,       422,       378,       260,       400.312
328,      348,       447,       385,       256,       210,       344,       422,       377,       259,       394.687
328,      348,       446,       385,       256,       210,       344,       421,       378,       257,       379.375
328,      348,       447,       385,       255,       210,       343,       422,       378,       272,       454.687
329,      348,       447,       385,       257,       210,       344,       423,       379,       256,       405
328,      348,       447,       385,       257,       210,       345,       423,       380,       254,       400.625
329,      348,       448,       386,       256,       210,       344,       423,       379,       273,       495
329,      348,       447,       386,       257,       210,       345,       424,       379,       276,       520
329,      349,       448,       386,       257,       210,       345,       423,       379,       253,       410
329,      348,       448,       386,       257,       210,       345,       423,       379,       263,       454.687
329,      349,       448,       386,       256,       210,       344,       423,       379,       269,       480.312
330,      348,       448,       386,       257,       210,       345,       424,       379,       251,       405
329,      348,       448,       386,       256,       210,       345,       423,       379,       270,       485
329,      349,       448,       387,       256,       210,       345,       424,       380,       260,       455
329,      348,       449,       386,       256,       210,       345,       424,       379,       254,       414.687
329,      349,       448,       387,       257,       210,       345,       425,       380,       286,       594.687
330,      350,       449,       387,       257,       210,       345,       424,       380,       256,       455
329,      349,       449,       387,       256,       210,       345,       423,       379,       268,       489.687
329,      349,       449,       387,       256,       209,       345,       423,       379,       270,       494.687
330,      349,       449,       388,       257,       210,       345,       424,       379,       253,       435.312
330,      349,       449,       388,       256,       210,       345,       424,       380,       251,       424.375
330,      349,       449,       388,       256,       210,       345,       423,       379,       267,       494.687
330,      349,       449,       388,       256,       210,       345,       423,       380,       274,       535.312
329,      349,       450,       388,       256,       210,       345,       424,       379,       259,       460
330,      349,       450,       388,       256,       210,       345,       423,       379,       256,       445.312
330,      349,       450,       389,       256,       210,       345,       424,       380,       274,       550.625
330,      350,       450,       388,       256,       210,       345,       424,       380,       261,       484.687
330,      349,       450,       388,       256,       210,       346,       424,       379,       259,       469.687
331,      350,       450,       389,       256,       210,       344,       423,       379,       271,       530.312
331,      350,       450,       389,       256,       210,       344,       424,       379,       255,       455
331,      350,       450,       389,       255,       210,       345,       423,       379,       267,       509.687
331,      350,       450,       389,       256,       210,       345,       423,       379,       265,       505
330,      350,       450,       389,       255,       210,       345,       423,       379,       272,       529.687
331,      349,       450,       390,       256,       210,       345,       423,       379,       270,       530
331,      351,       451,       390,       256,       210,       345,       424,       379,       260,       500.625
330,      350,       451,       390,       255,       210,       345,       423,       379,       255,       454.687
330,      350,       451,       390,       255,       210,       345,       423,       379,       286,       610
331,      350,       451,       390,       256,       210,       345,       424,       379,       274,       565
331,      351,       451,       390,       255,       210,       345,       423,       379,       261,       495
331,      350,       452,       391,       255,       211,       345,       423,       379,       279,       595
330,      351,       452,       390,       256,       209,       345,       423,       379,       280,       589.375
332,      352,       452,       391,       256,       210,       346,       424,       379,       251,       479.375
331,      351,       452,       391,       255,       210,       344,       423,       379,       271,       549.375
331,      352,       452,       391,       255,       210,       346,       424,       379,       261,       519.375
331,      351,       452,       391,       256,       210,       345,       424,       379,       254,       479.687
331,      351,       452,       392,       255,       210,       345,       423,       379,       273,       570.312
332,      351,       452,       392,       256,       210,       346,       424,       379,       259,       519.687
331,      351,       452,       392,       255,       210,       345,       423,       379,       264,       524.375
332,      351,       453,       392,       255,       210,       345,       423,       379,       272,       575
333,      351,       453,       392,       256,       210,       346,       424,       379,       253,       499.375
332,      351,       453,       392,       255,       210,       345,       423,       379,       252,       475.312
332,      351,       453,       392,       255,       210,       345,       424,       379,       273,       585
332,      352,       453,       393,       255,       210,       345,       424,       379,       261,       535
333,      352,       453,       392,       255,       210,       345,       424,       379,       255,       505
332,      352,       454,       393,       255,       210,       344,       423,       379,       273,       590.312
332,      352,       454,       393,       254,       210,       345,       423,       379,       256,       505
333,      352,       454,       393,       255,       210,       345,       424,       379,       254,       509.375
332,      352,       454,       393,       255,       210,       345,       422,       378,       265,       544.062
333,      352,       454,       393,       256,       209,       345,       422,       378,       270,       574.687
332,      352,       454,       393,       254,       210,       344,       422,       379,       252,       474.687
332,      352,       454,       394,       255,       210,       345,       422,       379,       290,       679.375
332,      352,       454,       394,       255,       210,       345,       422,       379,       253,       494.687
332,      351,       454,       394,       255,       210,       344,       422,       379,       279,       615.312
332,      353,       454,       394,       255,       210,       345,       422,       378,       273,       594.687
333,      353,       455,       394,       255,       210,       344,       423,       378,       252,       499.375
332,      352,       455,       394,       255,       209,       345,       422,       378,       262,       535.312
332,      352,       455,       394,       254,       210,       344,       422,       379,       271,       580.312
333,      352,       455,       394,       255,       210,       344,       423,       378,       271,       589.687
333,      352,       454,       394,       255,       210,       344,       421,       378,       252,       480
332,      351,       455,       394,       254,       210,       344,       421,       378,       274,       579.375
333,      352,       455,       395,       254,       210,       344,       422,       378,       259,       525
332,      353,       455,       395,       255,       210,       344,       422,       378,       257,       520
332,      351,       455,       394,       254,       210,       344,       422,       378,       274,       585.312
333,      352,       456,       395,       255,       210,       344,       422,       378,       256,       519.375
332,      352,       455,       395,       254,       210,       344,       421,       378,       267,       554.375
333,      352,       456,       395,       254,       210,       344,       422,       378,       265,       559.687
332,      352,       456,       395,       255,       210,       344,       422,       378,       253,       500
332,      351,       455,       395,       254,       210,       344,       422,       378,       272,       579.687
333,      352,       456,       396,       254,       210,       345,       422,       378,       261,       549.687
333,      351,       456,       396,       254,       210,       344,       422,       378,       257,       519.375
332,      352,       456,       395,       254,       210,       344,       422,       378,       259,       525
333,      352,       456,       396,       255,       210,       345,       423,       378,       276,       635
333,      352,       456,       396,       255,       210,       345,       422,       378,       252,       509.687
332,      351,       456,       396,       255,       210,       344,       421,       378,       269,       574.687
333,      352,       456,       395,       255,       210,       344,       422,       378,       271,       594.375
333,      352,       456,       396,       255,       210,       345,       422,       378,       252,       510.312
333,      352,       457,       396,       255,       210,       345,       422,       378,       253,       519.687
333,      352,       456,       396,       255,       210,       345,       422,       378,       273,       614.687
333,      353,       456,       396,       255,       210,       345,       423,       378,       255,       534.375
332,      352,       456,       397,       254,       211,       345,       422,       378,       261,       555
333,      352,       457,       397,       255,       210,       345,       423,       378,       270,       615.312
332,      352,       456,       397,       255,       210,       345,       422,       378,       268,       590.312
333,      352,       457,       397,       254,       210,       345,       423,       378,       266,       589.687
333,      352,       457,       397,       255,       210,       345,       422,       378,       268,       600.625
332,      351,       457,       397,       255,       210,       344,       423,       378,       254,       520
332,      352,       457,       397,       254,       210,       345,       422,       378,       272,       610
332,      352,       457,       397,       255,       210,       345,       423,       378,       259,       554.687
333,      352,       457,       397,       255,       210,       345,       423,       378,       254,       535.312
332,      352,       457,       397,       254,       210,       345,       421,       378,       271,       600
333,      352,       458,       398,       255,       210,       344,       422,       378,       276,       645
333,      351,       457,       398,       254,       210,       344,       422,       378,       250,       499.687
332,      352,       457,       397,       254,       210,       344,       421,       378,       267,       575.312
333,      352,       458,       398,       254,       210,       344,       422,       378,       263,       574.687
332,      351,       458,       398,       254,       210,       345,       422,       378,       254,       525
333,      352,       458,       398,       254,       209,       344,       421,       377,       272,       605.312
333,      352,       458,       398,       255,       210,       345,       422,       378,       254,       540
332,      352,       458,       398,       254,       211,       345,       421,       377,       266,       585
332,      352,       458,       399,       254,       210,       345,       422,       377,       268,       600.312
332,      352,       458,       399,       254,       210,       345,       422,       378,       250,       514.375
332,      351,       458,       398,       254,       210,       344,       421,       378,       282,       654.375
332,      351,       458,       399,       254,       210,       344,       422,       378,       272,       614.687
333,      352,       458,       399,       254,       210,       345,       422,       378,       254,       540
332,      351,       458,       399,       253,       210,       345,       422,       378,       255,       530
333,      352,       458,       399,       255,       210,       345,       421,       378,       274,       640.312
332,      352,       459,       399,       255,       210,       345,       423,       378,       254,       549.687
331,      352,       459,       399,       254,       210,       345,       421,       378,       266,       589.687
332,      352,       458,       399,       254,       210,       345,       421,       378,       266,       590
333,      352,       459,       399,       255,       210,       345,       422,       378,       263,       594.687
332,      351,       459,       399,       254,       210,       345,       422,       378,       252,       524.687
332,      352,       459,       400,       254,       210,       345,       421,       378,       274,       640.312
332,      352,       459,       400,       255,       209,       345,       422,       378,       254,       544.687
333,      352,       459,       399,       254,       210,       344,       421,       378,       264,       585
333,      352,       459,       400,       255,       210,       344,       422,       378,       269,       625
332,      352,       459,       400,       255,       209,       345,       422,       378,       252,       535
332,      351,       459,       400,       254,       210,       345,       422,       378,       270,       620
332,      352,       459,       400,       254,       209,       345,       422,       378,       270,       620
333,      352,       459,       401,       254,       210,       345,       422,       378,       260,       585
332,      351,       459,       400,       254,       210,       345,       422,       378,       259,       565
333,      352,       460,       400,       254,       210,       344,       422,       378,       273,       644.687
332,      352,       459,       401,       254,       210,       344,       423,       378,       255,       555
332,      352,       460,       401,       254,       210,       345,       422,       377,       267,       614.375
332,      351,       460,       400,       254,       210,       344,       422,       378,       265,       595
333,      352,       460,       401,       254,       210,       346,       422,       378,       271,       650.312
332,      352,       460,       401,       254,       210,       345,       422,       378,       251,       540
332,      352,       460,       401,       254,       210,       345,       422,       378,       269,       629.687
334,      352,       460,       401,       254,       210,       346,       422,       378,       262,       609.687
332,      351,       460,       401,       254,       210,       345,       422,       378,       255,       554.375
331,      352,       460,       401,       255,       210,       346,       423,       378,       274,       665
333,      351,       461,       401,       255,       210,       345,       422,       378,       251,       550.625
332,      351,       460,       401,       255,       210,       346,       422,       378,       268,       630.312
333,      352,       460,       401,       255,       210,       346,       423,       378,       266,       635.312
332,      351,       461,       402,       254,       210,       346,       423,       379,       256,       584.687
332,      352,       461,       402,       254,       210,       345,       423,       378,       273,       665
333,      352,       461,       402,       255,       210,       346,       423,       379,       255,       595.312
332,      352,       461,       402,       255,       210,       346,       424,       379,       255,       595
332,      351,       461,       402,       255,       210,       346,       423,       378,       263,       620
333,      352,       461,       402,       254,       210,       346,       422,       378,       272,       665
333,      352,       461,       402,       255,       210,       346,       423,       378,       252,       574.062
332,      352,       461,       402,       254,       210,       346,       422,       378,       251,       554.687
333,      352,       461,       403,       254,       210,       346,       422,       379,       263,       630
333,      352,       461,       403,       255,       211,       346,       423,       379,       259,       625
332,      352,       461,       403,       254,       210,       346,       423,       378,       281,       714.375
333,      352,       462,       403,       255,       210,       347,       423,       379,       253,       599.687
332,      352,       461,       403,       255,       210,       346,       422,       378,       265,       634.375
333,      352,       462,       403,       255,       210,       346,       423,       378,       268,       664.375
333,      352,       462,       403,       255,       210,       346,       423,       379,       251,       584.687
332,      352,       462,       403,       254,       210,       346,       422,       378,       270,       659.687
333,      352,       462,       403,       255,       210,       346,       422,       378,       271,       675.312
332,      351,       462,       404,       255,       210,       346,       423,       379,       262,       635
333,      352,       462,       403,       255,       210,       346,       423,       378,       255,       599.687
333,      352,       462,       404,       254,       210,       346,       423,       378,       275,       699.687
333,      352,       463,       404,       255,       210,       347,       424,       378,       256,       625
333,      351,       463,       404,       255,       210,       346,       423,       378,       264,       650
332,      352,       463,       404,       254,       210,       346,       423,       379,       266,       659.375
333,      352,       463,       404,       255,       210,       346,       423,       379,       270,       690.312
332,      352,       463,       404,       254,       210,       346,       423,       378,       252,       584.687
332,      352,       463,       404,       255,       210,       346,       424,       379,       261,       645
333,      352,       463,       404,       255,       210,       346,       423,       379,       254,       610.312
333,      351,       463,       405,       254,       210,       346,       423,       379,       276,       714.687
333,      352,       463,       405,       255,       210,       347,       424,       379,       253,       619.687
333,      352,       463,       405,       255,       210,       346,       423,       379,       253,       609.687
333,      351,       463,       405,       255,       210,       346,       423,       378,       267,       669.375
334,      352,       463,       405,       254,       210,       346,       423,       379,       267,       680
333,      352,       463,       405,       255,       209,       347,       424,       379,       255,       624.687
332,      352,       463,       405,       254,       210,       346,       423,       379,       272,       694.375
333,      352,       463,       405,       255,       210,       347,       424,       379,       258,       644.062
333,      353,       463,       406,       255,       210,       347,       424,       379,       261,       670
333,      351,       463,       405,       254,       210,       346,       422,       378,       262,       634.687
333,      353,       463,       405,       254,       210,       346,       422,       379,       281,       745
333,      352,       464,       405,       255,       210,       346,       423,       379,       252,       610
332,      352,       464,       406,       254,       210,       345,       422,       378,       274,       699.687
334,      352,       463,       406,       254,       210,       346,       423,       379,       263,       664.687
333,      352,       464,       406,       254,       209,       346,       423,       378,       255,       615
333,      353,       464,       406,       254,       210,       346,       423,       378,       275,       724.687
333,      352,       464,       406,       254,       210,       345,       422,       378,       253,       599.687
333,      352,       464,       407,       254,       210,       345,       422,       378,       263,       655
334,      352,       464,       406,       254,       210,       346,       422,       378,       268,       685
333,      353,       464,       407,       255,       210,       346,       423,       378,       273,       725
334,      352,       464,       407,       253,       210,       345,       422,       378,       270,       690
332,      352,       464,       407,       253,       210,       345,       421,       377,       272,       679.375
333,      353,       464,       407,       254,       210,       346,       422,       378,       262,       660
332,      352,       465,       407,       254,       210,       346,       422,       377,       255,       615.625
333,      352,       465,       407,       254,       210,       345,       421,       378,       275,       714.687
333,      352,       465,       407,       254,       210,       345,       422,       377,       273,       704.687
334,      352,       465,       407,       254,       210,       345,       421,       377,       252,       600
333,      352,       465,       407,       253,       210,       345,       421,       377,       269,       674.687
333,      352,       465,       407,       254,       210,       345,       422,       377,       254,       610
333,      352,       465,       407,       253,       211,       345,       421,       377,       272,       694.687
333,      352,       465,       407,       254,       210,       345,       422,       377,       257,       625.312
333,      352,       465,       407,       254,       210,       345,       421,       377,       261,       639.687
333,      352,       465,       407,       253,       210,       344,       421,       377,       266,       654.687
334,      352,       466,       408,       253,       210,       344,       421,       377,       252,       600
334,      352,       466,       408,       253,       210,       345,       421,       376,       253,       605
333,      352,       466,       408,       253,       210,       344,       421,       377,       278,       724.687
334,      353,       466,       408,       253,       210,       344,       421,       377,       265,       670
334,      352,       466,       408,       253,       210,       344,       421,       377,       254,       610
333,      352,       466,       408,       253,       210,       344,       420,       377,       265,       655.312
334,      352,       466,       408,       253,       210,       345,       421,       377,       259,       639.687
334,      353,       466,       409,       254,       210,       345,       421,       377,       267,       694.687
333,      352,       466,       408,       253,       210,       345,       421,       377,       259,       634.375
334,      353,       466,       408,       253,       210,       344,       421,       376,       272,       699.375
335,      353,       467,       409,       254,       210,       345,       422,       377,       253,       640
333,      353,       467,       409,       253,       210,       344,       421,       376,       269,       690
334,      353,       466,       409,       253,       210,       345,       422,       377,       270,       709.687
334,      351,       467,       409,       253,       210,       345,       422,       377,       254,       625
334,      352,       467,       409,       254,       210,       344,       421,       377,       273,       719.687
334,      353,       467,       409,       254,       210,       345,       422,       377,       259,       664.687
333,      352,       467,       409,       253,       211,       345,       421,       377,       266,       684.687
334,      353,       467,       410,       253,       210,       345,       421,       377,       272,       724.687
333,      353,       467,       410,       254,       210,       345,       422,       377,       270,       719.687
334,      353,       467,       410,       254,       210,       345,       421,       377,       267,       705
333,      352,       467,       410,       254,       209,       345,       421,       378,       268,       699.687
334,      353,       467,       410,       254,       210,       345,       423,       378,       262,       695
334,      353,       468,       410,       254,       210,       346,       422,       377,       254,       654.687
334,      353,       467,       410,       254,       210,       345,       421,       378,       273,       739.375
334,      353,       468,       411,       254,       210,       346,       423,       377,       278,       784.687
