0,        1,         2,         3,         4,         5,         6,         7,         8,         9,         "T"
381,10,-58,118,
316,      339,       438,       378,       252,       210,       332,       411,       369,       269,       0
317,      340,       438,       378,       253,       210,       333,       412,       370,       253,       0
316,      339,       438,       379,       252,       210,       332,       411,       369,       264,       0
318,      340,       437,       379,       253,       210,       332,       412,       369,       249,       0
317,      340,       437,       377,       252,       211,       332,       411,       369,       267,       0
317,      340,       438,       379,       252,       210,       332,       412,       370,       263,       0
317,      340,       437,       379,       252,       210,       332,       412,       370,       250,       0
316,      340,       437,       378,       252,       210,       332,       411,       370,       268,       0
317,      340,       437,       378,       252,       210,       332,       412,       370,       256,       0
316,      340,       437,       378,       252,       210,       332,       412,       370,       253,       0
318,      339,       437,       379,       253,       210,       332,       411,       370,       269,       0
317,      340,       437,       379,       253,       210,       332,       412,       370,       249,       0
317,      339,       437,       378,       253,       210,       332,       411,       370,       262,       0
317,      339,       437,       378,       253,       210,       332,       412,       370,       266,       0
317,      339,       437,       379,       252,       210,       332,       411,       369,       263,       0
317,      340,       437,       379,       252,       210,       331,       411,       369,       261,       0
318,      340,       437,       379,       253,       210,       332,       412,       370,       265,       0
318,      340,       437,       379,       253,       210,       332,       412,       370,       247,       0
317,      340,       437,       378,       252,       210,       332,       411,       370,       266,       0
316,      339,       437,       379,       252,       210,       332,       411,       370,       263,       0
316,      340,       437,       378,       253,       210,       332,       412,       370,       263,       0
316,      340,       437,       378,       252,       210,       332,       412,       370,       247,       0
317,      339,       437,       378,       252,       210,       331,       411,       369,       267,       9.687
318,      340,       436,       378,       252,       210,       332,       411,       369,       260,       -15.625
316,      339,       437,       379,       253,       210,       332,       412,       370,       254,       -35.313
316,      340,       436,       378,       252,       210,       331,       410,       369,       269,       9.687
317,      340,       437,       378,       253,       210,       332,       411,       370,       255,       -30
317,      339,       437,       378,       252,       210,       332,       411,       369,       254,       -50.313
317,      340,       437,       379,       252,       210,       331,       410,       369,       271,       34.375
317,      340,       437,       378,       252,       209,       332,       411,       369,       250,       -70.314
317,      340,       437,       378,       252,       210,       332,       410,       369,       265,       4.687
317,      340,       437,       378,       252,       210,       331,       411,       369,       268,       20.312
317,      340,       437,       378,       252,       210,       332,       411,       370,       251,       -55.313
317,      340,       437,       378,       252,       210,       331,       410,       369,       258,       -35
317,      340,       437,       378,       252,       210,       331,       410,       369,       260,       -25.313
318,      340,       437,       378,       252,       210,       332,       410,       369,       266,       15.625
318,      340,       437,       378,       252,       210,       332,       411,       370,       249,       -59.375
317,      340,       437,       378,       252,       210,       331,       410,       369,       263,       -10.938
317,      340,       437,       379,       251,       210,       332,       411,       369,       262,       -5.938
318,      341,       437,       379,       252,       210,       332,       411,       370,       247,       -60.313
318,      340,       437,       378,       252,       210,       332,       410,       369,       265,       10
319,      340,       437,       378,       252,       210,       332,       411,       370,       263,       15
318,      340,       437,       379,       252,       210,       332,       411,       369,       250,       -55.313
318,      340,       437,       378,       252,       210,       332,       410,       369,       269,       30
319,      341,       437,       380,       252,       210,       333,       412,       370,       255,       -.938
318,      341,       438,       379,       253,       210,       333,       412,       371,       253,       -5.938
317,      340,       438,       379,       251,       210,       332,       411,       369,       271,       44.687
318,      340,       437,       379,       252,       210,       333,       411,       370,       271,       60
318,      341,       438,       379,       253,       210,       333,       412,       370,       251,       -20.938
318,      340,       438,       379,       253,       210,       333,       412,       370,       254,       -10.313
318,      341,       438,       379,       253,       210,       332,       412,       370,       268,       60
319,      341,       438,       380,       253,       210,       333,       413,       371,       254,       15
318,      341,       438,       380,       253,       210,       333,       412,       371,       255,       10.312
319,      340,       438,       380,       252,       210,       333,       412,       370,       266,       54.687
319,      341,       438,       380,       253,       210,       334,       412,       371,       268,       85
319,      341,       438,       379,       253,       210,       333,       412,       371,       249,       -20.625
318,      341,       439,       379,       252,       210,       334,       413,       371,       276,       119.375
319,      342,       438,       380,       253,       210,       334,       413,       371,       256,       34.375
320,      341,       438,       380,       253,       210,       334,       413,       371,       266,       84.686
320,      341,       439,       380,       253,       210,       334,       413,       371,       259,       55
321,      341,       439,       380,       254,       210,       334,       414,       372,       262,       90
319,      341,       439,       380,       252,       210,       334,       413,       371,       252,       10.625
319,      342,       439,       380,       252,       210,       334,       413,       371,       274,       125.625
320,      341,       439,       380,       254,       210,       335,       414,       372,       255,       55
320,      342,       439,       380,       254,       210,       335,       414,       372,       254,       55
319,      341,       439,       380,       253,       210,       334,       414,       372,       269,       110
321,      342,       439,       380,       254,       210,       335,       414,       372,       270,       139.061
320,      342,       439,       381,       253,       210,       335,       415,       372,       252,       49.375
320,      341,       439,       380,       254,       210,       335,       414,       372,       261,       85
320,      342,       439,       381,       253,       210,       335,       414,       372,       269,       130
320,      342,       439,       381,       254,       210,       335,       415,       372,       250,       44.375
319,      341,       439,       381,       253,       210,       335,       414,       371,       264,       89.686
321,      343,       440,       381,       254,       210,       335,       415,       372,       269,       154.375
320,      343,       439,       380,       253,       210,       335,       415,       372,       249,       35.311
320,      342,       440,       381,       253,       210,       335,       414,       372,       266,       120.311
321,      343,       439,       381,       253,       210,       335,       415,       373,       257,       90
320,      342,       440,       381,       253,       210,       335,       415,       373,       254,       70
320,      342,       440,       381,       253,       210,       336,       415,       372,       275,       174.375
321,      343,       440,       382,       254,       209,       336,       416,       373,       257,       110
321,      343,       440,       382,       254,       210,       336,       415,       373,       252,       84.686
320,      342,       440,       382,       253,       210,       336,       416,       372,       268,       149.375
321,      343,       440,       383,       254,       210,       336,       415,       373,       269,       174.686
321,      343,       440,       382,       254,       210,       336,       416,       373,       250,       80.311
320,      343,       441,       382,       254,       210,       336,       415,       372,       259,       114.375
321,      344,       440,       382,       253,       210,       336,       415,       373,       269,       169.686
321,      343,       441,       382,       254,       209,       336,       416,       373,       251,       84.375
320,      343,       441,       383,       253,       210,       336,       415,       373,       265,       149.375
322,      343,       441,       383,       253,       210,       336,       415,       372,       263,       145.311
321,      343,       441,       382,       253,       210,       335,       415,       373,       249,       65
321,      343,       441,       383,       253,       209,       336,       415,       372,       272,       179.686
321,      343,       441,       383,       253,       210,       336,       415,       373,       259,       124.686
321,      343,       441,       383,       253,       210,       336,       415,       373,       250,       79.375
321,      344,       441,       383,       252,       210,       335,       414,       371,       278,       200.311
321,      343,       441,       383,       252,       210,       335,       415,       371,       255,       84.686
322,      344,       441,       383,       253,       210,       336,       415,       373,       256,       120
321,      343,       441,       383,       253,       210,       335,       415,       372,       257,       105
321,      343,       442,       383,       253,       210,       335,       414,       372,       280,       219.375
322,      344,       442,       384,       252,       210,       336,       415,       372,       259,       135
322,      344,       442,       384,       253,       210,       336,       415,       372,       252,       105.311
321,      343,       442,       384,       252,       210,       336,       414,       372,       279,       220
322,      344,       442,       384,       253,       210,       336,       415,       373,       252,       109.686
322,      343,       443,       384,       253,       210,       335,       414,       371,       264,       150
322,      343,       442,       384,       252,       210,       335,       414,       371,       264,       139.375
321,      344,       443,       384,       253,       210,       336,       415,       372,       248,       85
322,      344,       443,       385,       252,       210,       335,       414,       372,       272,       199.375
323,      343,       443,       385,       252,       210,       335,       415,       372,       262,       155
322,      343,       443,       385,       253,       210,       335,       415,       372,       249,       90.311
322,      344,       443,       385,       252,       211,       335,       414,       372,       249,       89.375
321,      344,       443,       385,       252,       210,       335,       415,       372,       287,       275
322,      344,       443,       385,       252,       210,       336,       415,       372,       259,       144.375
322,      344,       443,       385,       252,       210,       336,       414,       372,       250,       94.061
322,      344,       444,       385,       252,       210,       335,       414,       372,       270,       194.375
322,      345,       444,       386,       252,       211,       335,       415,       372,       256,       144.375
322,      345,       444,       386,       252,       210,       335,       415,       372,       257,       144.061
322,      344,       444,       386,       252,       210,       335,       414,       372,       252,       109.061
322,      344,       444,       386,       252,       210,       336,       415,       372,       255,       135
322,      345,       444,       386,       252,       210,       335,       415,       372,       265,       184.375
322,      345,       444,       386,       252,       210,       336,       414,       372,       268,       199.375
322,      344,       444,       387,       252,       210,       336,       415,       372,       249,       110.311
322,      344,       444,       387,       252,       210,       336,       415,       371,       265,       184.375
322,      343,       445,       386,       252,       210,       336,       414,       372,       273,       219.686
323,      345,       445,       387,       253,       210,       336,       415,       372,       249,       130
323,      345,       445,       387,       252,       210,       337,       415,       372,       248,       125
322,      344,       445,       388,       252,       210,       336,       416,       371,       270,       224.375
323,      345,       445,       387,       252,       210,       336,       416,       372,       263,       200
322,      345,       445,       387,       253,       210,       337,       416,       373,       250,       145
323,      345,       445,       387,       252,       210,       336,       416,       373,       254,       160
323,      344,       446,       387,       253,       210,       337,       417,       373,       260,       204.686
323,      345,       445,       388,       253,       210,       337,       417,       373,       260,       209.686
323,      345,       445,       388,       252,       210,       337,       416,       373,       251,       155
322,      345,       446,       388,       253,       210,       337,       417,       372,       271,       259.062
324,      345,       446,       388,       253,       211,       337,       417,       373,       255,       200.311
322,      345,       446,       388,       253,       210,       337,       416,       373,       258,       195
323,      345,       446,       389,       254,       210,       338,       418,       374,       249,       185
323,      345,       446,       389,       252,       210,       337,       417,       373,       261,       219.375
323,      345,       446,       388,       253,       210,       338,       417,       373,       267,       254.686
323,      345,       447,       388,       253,       210,       338,       418,       374,       250,       185
323,      345,       447,       389,       253,       210,       337,       417,       373,       250,       174.686
323,      345,       446,       389,       253,       210,       338,       418,       374,       270,       285.312
323,      346,       447,       389,       254,       210,       338,       418,       374,       264,       270
323,      345,       447,       389,       253,       210,       339,       418,       374,       251,       199.061
323,      345,       447,       389,       253,       210,       338,       417,       373,       268,       270.625
324,      346,       447,       389,       253,       210,       339,       419,       374,       259,       254.687
324,      346,       447,       390,       254,       210,       339,       418,       374,       259,       259.375
323,      345,       448,       389,       253,       210,       338,       418,       374,       275,       319.687
324,      345,       447,       390,       254,       209,       339,       419,       374,       255,       235.312
322,      346,       448,       390,       253,       210,       339,       418,       374,       257,       239.686
324,      346,       448,       390,       253,       210,       339,       418,       374,       269,       309.375
324,      346,       448,       390,       254,       210,       339,       419,       374,       249,       219.687
323,      346,       448,       390,       253,       210,       339,       418,       374,       265,       285.625
323,      345,       448,       391,       253,       210,       339,       420,       373,       270,       315
324,      346,       448,       390,       254,       210,       340,       419,       374,       251,       234.375
323,      345,       448,       391,       253,       210,       340,       419,       374,       253,       234.375
323,      346,       448,       391,       253,       210,       340,       419,       374,       285,       399.687
324,      346,       448,       391,       253,       210,       340,       419,       374,       259,       275.312
323,      345,       449,       391,       254,       210,       340,       420,       374,       254,       254.687
323,      346,       449,       391,       254,       210,       340,       420,       375,       256,       274.375
323,      346,       448,       392,       254,       210,       341,       421,       375,       273,       370
324,      347,       448,       392,       254,       210,       340,       420,       375,       258,       295
323,      346,       449,       392,       254,       210,       340,       420,       374,       272,       355.312
324,      346,       449,       392,       254,       210,       340,       421,       374,       269,       349.687
324,      346,       449,       392,       254,       210,       340,       421,       375,       251,       264.375
324,      346,       449,       392,       254,       210,       340,       420,       374,       268,       339.062
324,      346,       449,       393,       255,       210,       341,       420,       375,       261,       325.312
323,      347,       449,       392,       254,       210,       341,       420,       374,       270,       355.312
324,      347,       449,       392,       254,       210,       341,       421,       375,       258,       309.687
324,      346,       450,       392,       255,       210,       341,       421,       375,       254,       294.687
324,      346,       450,       393,       254,       210,       341,       421,       375,       262,       334.062
324,      347,       450,       393,       255,       210,       341,       422,       376,       271,       399.687
324,      347,       450,       393,       254,       210,       341,       422,       376,       252,       299.062
324,      346,       450,       393,       254,       209,       342,       420,       375,       264,       339.687
324,      346,       450,       393,       254,       210,       341,       421,       376,       268,       370.312
325,      347,       450,       394,       255,       210,       342,       422,       375,       250,       304.687
325,      347,       451,       393,       255,       210,       341,       421,       375,       250,       295.312
324,      346,       451,       393,       255,       210,       342,       422,       376,       267,       384.375
325,      347,       451,       394,       255,       210,       342,       422,       376,       252,       325
324,      346,       451,       394,       254,       210,       342,       422,       375,       270,       395
325,      347,       451,       394,       255,       210,       342,       423,       377,       258,       364.687
325,      347,       451,       395,       255,       210,       342,       423,       376,       256,       354.375
325,      347,       451,       394,       255,       210,       343,       422,       376,       274,       439.687
325,      347,       451,       395,       255,       210,       343,       423,       376,       269,       425
325,      347,       451,       395,       254,       210,       342,       422,       376,       255,       340.312
324,      347,       451,       395,       255,       210,       342,       422,       376,       266,       394.375
326,      348,       452,       395,       255,       209,       343,       423,       376,       266,       419.375
325,      347,       451,       395,       255,       210,       343,       423,       376,       250,       329.375
325,      348,       452,       395,       255,       210,       343,       423,       376,       269,       434.687
325,      347,       452,       396,       255,       210,       343,       423,       377,       270,       445
325,      347,       452,       396,       255,       210,       343,       424,       376,       258,       384.375
325,      347,       452,       396,       255,       210,       344,       424,       377,       253,       370.312
326,      348,       452,       396,       255,       210,       343,       423,       376,       278,       489.687
326,      348,       452,       396,       255,       210,       343,       424,       377,       252,       369.687
325,      348,       453,       397,       255,       210,       343,       422,       376,       264,       419.687
326,      348,       453,       397,       255,       210,       344,       424,       376,       268,       459.687
325,      348,       453,       397,       255,       211,       343,       423,       376,       250,       359.375
325,      348,       453,       397,       255,       210,       343,       424,       377,       262,       425
327,      348,       453,       397,       256,       210,       344,       424,       377,       261,       440
326,      348,       453,       397,       255,       209,       344,       424,       377,       254,       389.687
326,      348,       453,       397,       255,       210,       343,       423,       376,       271,       464.687
326,      349,       454,       397,       255,       210,       344,       425,       377,       253,       405.625
326,      349,       454,       397,       255,       210,       344,       425,       377,       253,       404.375
325,      349,       454,       398,       255,       210,       343,       424,       377,       263,       444.687
326,      349,       454,       398,       255,       210,       343,       424,       376,       268,       469.062
326,      349,       454,       397,       255,       210,       344,       424,       377,       251,       389.687
326,      349,       454,       398,       255,       210,       344,       423,       376,       266,       459.062
327,      349,       454,       398,       255,       210,       344,       424,       377,       265,       469.687
326,      348,       454,       398,       256,       210,       344,       424,       377,       256,       420.312
326,      349,       455,       398,       255,       210,       344,       424,       377,       275,       520.312
326,      349,       455,       399,       255,       210,       344,       425,       377,       255,       430
326,      348,       455,       399,       255,       210,       343,       424,       377,       265,       465
327,      349,       455,       399,       256,       210,       343,       424,       377,       267,       489.375
326,      349,       455,       399,       255,       210,       344,       424,       377,       253,       415.312
326,      349,       455,       399,       254,       210,       344,       423,       376,       270,       485
326,      349,       455,       399,       255,       210,       344,       424,       376,       269,       489.687
327,      349,       455,       399,       255,       209,       344,       425,       377,       260,       455.312
326,      348,       455,       400,       256,       209,       344,       424,       377,       256,       429.687
326,      349,       455,       400,       255,       210,       343,       424,       376,       272,       504.687
326,      349,       455,       400,       255,       210,       344,       425,       377,       257,       444.687
326,      349,       456,       400,       255,       210,       345,       424,       377,       259,       460
326,      349,       456,       400,       255,       210,       344,       424,       377,       260,       460
327,      349,       456,       400,       256,       210,       345,       425,       377,       273,       544.687
327,      350,       456,       400,       256,       210,       345,       425,       377,       260,       484.687
326,      349,       456,       400,       256,       210,       344,       424,       377,       268,       504.687
328,      349,       456,       400,       255,       210,       345,       424,       377,       266,       505.312
326,      349,       456,       400,       255,       210,       345,       425,       377,       253,       434.375
327,      348,       456,       401,       255,       210,       344,       424,       377,       273,       530.312
327,      349,       456,       401,       256,       210,       345,       425,       377,       258,       475.625
326,      348,       457,       401,       255,       210,       345,       424,       377,       260,       469.375
327,      349,       457,       401,       255,       210,       345,       424,       377,       278,       569.687
326,      350,       457,       401,       256,       210,       345,       425,       377,       254,       459.687
327,      350,       457,       401,       255,       210,       345,       424,       377,       251,       440
327,      349,       457,       401,       256,       210,       345,       425,       377,       269,       535
327,      350,       457,       402,       256,       210,       345,       425,       377,       265,       525
327,      348,       457,       401,       255,       210,       345,       426,       377,       253,       450
327,      349,       457,       402,       255,       210,       345,       425,       377,       270,       540
327,      350,       457,       402,       255,       210,       346,       426,       377,       259,       500.312
327,      350,       457,       402,       256,       210,       345,       426,       377,       275,       579.687
326,      349,       457,       402,       256,       210,       345,       425,       377,       263,       504.375
328,      349,       458,       403,       256,       210,       345,       426,       378,       272,       580.312
328,      350,       458,       402,       256,       210,       345,       425,       377,       266,       539.687
327,      349,       458,       402,       255,       210,       345,       426,       377,       267,       535
327,      349,       458,       403,       256,       210,       346,       426,       378,       252,       480
328,      349,       458,       402,       256,       210,       345,       425,       377,       273,       569.687
327,      349,       458,       403,       255,       210,       346,       426,       377,       283,       624.375
328,      350,       458,       403,       256,       210,       346,       426,       378,       261,       534.687
327,      349,       458,       403,       256,       209,       346,       426,       377,       258,       500
327,      350,       458,       403,       256,       210,       346,       425,       378,       278,       609.375
327,      351,       458,       404,       256,       210,       346,       427,       378,       253,       505
327,      349,       459,       404,       255,       210,       346,       425,       378,       265,       545
327,      349,       459,       403,       256,       210,       346,       425,       377,       265,       539.375
328,      350,       459,       404,       256,       210,       346,       426,       378,       268,       580
327,      350,       459,       404,       256,       210,       346,       426,       378,       252,       495
327,      349,       459,       404,       255,       210,       346,       425,       377,       270,       564.687
327,      350,       459,       404,       255,       210,       346,       426,       378,       260,       530
327,      350,       459,       404,       255,       210,       346,       425,       378,       258,       514.375
328,      350,       459,       404,       256,       210,       346,       425,       377,       273,       594.375
328,      350,       460,       404,       256,       210,       345,       425,       377,       252,       489.375
327,      349,       460,       404,       255,       210,       345,       425,       377,       267,       549.375
329,      350,       460,       405,       255,       210,       345,       425,       378,       270,       590.625
327,      350,       459,       405,       255,       210,       345,       425,       377,       261,       525
328,      350,       460,       405,       254,       210,       345,       425,       377,       272,       585.312
328,      350,       460,       405,       255,       210,       346,       425,       377,       261,       540
328,      350,       460,       405,       255,       210,       345,       425,       377,       263,       544.687
327,      350,       460,       405,       255,       210,       345,       425,       377,       258,       514.687
327,      350,       460,       405,       255,       210,       345,       424,       377,       274,       588.75
327,      350,       460,       406,       255,       210,       345,       425,       377,       261,       535.625
327,      351,       461,       406,       255,       210,       345,       425,       377,       261,       544.687
328,      350,       461,       405,       254,       210,       345,       424,       376,       276,       599.375
328,      350,       461,       406,       255,       210,       345,       424,       377,       252,       495
327,      350,       461,       406,       255,       210,       345,       424,       376,       269,       570
328,      351,       461,       406,       254,       210,       345,       425,       376,       270,       585
327,      350,       461,       406,       254,       210,       345,       424,       376,       257,       505
327,      349,       460,       407,       254,       210,       344,       424,       376,       273,       575
327,      351,       461,       406,       254,       210,       345,       425,       376,       258,       520
327,      349,       461,       406,       255,       210,       344,       423,       376,       272,       569.375
327,      350,       461,       406,       254,       210,       344,       423,       376,       265,       534.687
328,      350,       461,       407,       255,       210,       345,       424,       376,       268,       574.687
327,      349,       462,       407,       255,       210,       345,       424,       377,       252,       494.687
327,      350,       462,       407,       254,       210,       345,       424,       376,       271,       585
327,      350,       462,       406,       254,       210,       345,       425,       377,       272,       595.312
328,      350,       462,       407,       255,       210,       345,       424,       376,       255,       515.312
327,      350,       462,       407,       254,       210,       345,       424,       376,       258,       519.375
327,      350,       462,       407,       255,       210,       346,       424,       376,       287,       674.687
327,      350,       462,       407,       255,       210,       345,       424,       376,       252,       495
326,      350,       462,       407,       254,       210,       345,       424,       376,       266,       555.312
328,      350,       462,       407,       255,       210,       345,       424,       377,       252,       505
327,      350,       462,       407,       254,       210,       345,       424,       376,       278,       619.375
327,      349,       462,       407,       255,       210,       345,       426,       377,       258,       534.687
327,      350,       462,       408,       255,       210,       345,       425,       376,       255,       519.687
327,      349,       463,       407,       255,       210,       345,       424,       376,       265,       560
328,      351,       463,       408,       254,       210,       345,       424,       376,       284,       669.687
327,      350,       462,       408,       255,       210,       346,       425,       377,       251,       510
327,      350,       462,       408,       255,       210,       345,       424,       376,       254,       510.312
327,      349,       463,       408,       255,       210,       346,       425,       376,       265,       574.375
327,      350,       462,       408,       255,       210,       346,       425,       377,       262,       565
328,      350,       463,       408,       255,       210,       346,       425,       377,       255,       539.687
327,      350,       463,       408,       254,       210,       345,       425,       376,       273,       610
327,      350,       463,       408,       255,       210,       346,       425,       377,       262,       570
327,      350,       463,       409,       255,       210,       346,       425,       376,       262,       569.375
328,      350,       463,       409,       254,       210,       345,       425,       376,       271,       609.687
327,      350,       463,       409,       255,       210,       346,       425,       377,       252,       524.375
327,      350,       463,       409,       255,       210,       345,       425,       376,       271,       610
328,      351,       463,       409,       255,       210,       346,       425,       377,       259,       570.625
326,      350,       463,       409,       255,       210,       346,       425,       377,       256,       540
328,      351,       464,       409,       254,       210,       346,       424,       376,       273,       630
328,      350,       464,       410,       255,       210,       346,       426,       376,       272,       639.687
328,      350,       464,       410,       255,       210,       346,       424,       376,       257,       554.375
328,      350,       464,       409,       255,       210,       346,       424,       376,       266,       594.687
328,      350,       464,       410,       255,       210,       345,       425,       376,       270,       619.687
328,      350,       464,       410,       255,       210,       346,       425,       376,       251,       529.375
327,      351,       464,       410,       254,       210,       345,       424,       376,       270,       609.687
328,      350,       464,       409,       254,       210,       346,       425,       376,       272,       624.687
328,      350,       464,       410,       255,       210,       346,       425,       376,       260,       574.687
327,      350,       465,       410,       254,       210,       346,       424,       376,       273,       629.687
328,      350,       464,       410,       255,       210,       346,       425,       377,       254,       549.687
327,      350,       464,       411,       254,       210,       345,       424,       375,       265,       579.687
328,      350,       465,       410,       254,       210,       346,       424,       376,       270,       620
327,      350,       465,       410,       254,       210,       346,       425,       376,       253,       535
327,      350,       465,       410,       254,       210,       345,       424,       376,       255,       534.687
327,      350,       465,       410,       254,       210,       346,       424,       376,       262,       575
328,      350,       465,       411,       254,       210,       345,       425,       376,       261,       580
327,      350,       465,       411,       254,       210,       345,       424,       376,       256,       544.687
327,      350,       465,       411,       254,       210,       345,       424,       376,       277,       649.375
328,      350,       465,       411,       254,       210,       346,       424,       376,       254,       544.062
328,      350,       465,       411,       254,       210,       345,       423,       376,       252,       525.312
327,      349,       465,       411,       254,       210,       345,       424,       376,       266,       589.687
328,      350,       465,       412,       254,       210,       345,       423,       375,       271,       620
327,      350,       465,       411,       253,       210,       345,       424,       376,       255,       535.625
327,      350,       466,       411,       254,       210,       345,       423,       375,       268,       600
328,      350,       466,       412,       254,       210,       345,       424,       376,       261,       585.625
327,      350,       466,       412,       253,       210,       345,       423,       375,       258,       549.687
328,      351,       466,       412,       253,       210,       344,       423,       375,       273,       629.687
328,      351,       466,       412,       254,       210,       345,       424,       375,       254,       550.312
327,      350,       466,       412,       254,       210,       345,       423,       375,       266,       595.312
328,      350,       466,       413,       254,       210,       345,       423,       375,       269,       619.687
328,      351,       466,       412,       254,       211,       345,       423,       375,       251,       534.062
328,      350,       466,       412,       254,       210,       345,       423,       375,       271,       624.375
328,      350,       466,       412,       254,       210,       345,       423,       375,       274,       639.062
328,      350,       466,       413,       254,       211,       345,       423,       375,       254,       550
328,      350,       466,       413,       253,       210,       345,       423,       375,       254,       540
328,      351,       467,       413,       254,       210,       345,       423,       375,       274,       654.375
328,      351,       467,       413,       255,       210,       345,       423,       375,       255,       565
329,      350,       467,       413,       254,       210,       345,       422,       375,       264,       600.312
328,      351,       467,       413,       254,       210,       345,       423,       375,       268,       624.687
328,      351,       467,       414,       254,       210,       345,       424,       375,       269,       640
328,      351,       467,       414,       253,       210,       345,       423,       375,       252,       545
328,      352,       467,       414,       254,       210,       345,       424,       376,       260,       604.375
328,      351,       467,       414,       254,       210,       346,       423,       375,       264,       614.687
330,      351,       467,       414,       253,       210,       345,       423,       375,       282,       705.312
329,      352,       468,       414,       254,       210,       346,       424,       376,       253,       584.687
329,      351,       468,       413,       254,       210,       346,       423,       376,       252,       565
328,      351,       468,       414,       254,       210,       345,       423,       376,       268,       639.687
329,      351,       468,       415,       254,       210,       345,       423,       376,       269,       654.687
329,      351,       468,       414,       253,       210,       346,       424,       376,       253,       575.312
328,      350,       468,       415,       253,       210,       345,       423,       375,       272,       650
329,      352,       468,       415,       254,       210,       346,       424,       376,       261,       629.375
329,      352,       468,       415,       254,       210,       346,       425,       376,       259,       625
328,      351,       468,       415,       254,       211,       345,       424,       376,       259,       609.375
329,      352,       469,       415,       254,       210,       346,       424,       376,       281,       735.312
329,      352,       469,       415,       255,       210,       347,       425,       376,       254,       614.375
329,      351,       468,       415,       254,       210,       346,       423,       376,       269,       659.687
330,      352,       469,       415,       255,       210,       346,       424,       376,       267,       675.312
330,      351,       469,       415,       255,       210,       346,       425,       376,       255,       615
330,      351,       469,       416,       255,       210,       347,       425,       376,       274,       719.687
329,      352,       469,       416,       255,       210,       347,       424,       377,       257,       635
328,      351,       469,       416,       254,       210,       347,       425,       376,       258,       624.375
330,      352,       469,       416,       255,       210,       347,       424,       376,       283,       765.312
330,      353,       470,       416,       255,       210,       347,       425,       377,       256,       650.312
329,      351,       470,       417,       255,       210,       346,       424,       376,       266,       675
329,      352,       470,       416,       255,       210,       347,       425,       376,       266,       685
330,      352,       470,       417,       255,       209,       347,       426,       376,       269,       709.062
330,      352,       470,       417,       256,       210,       347,       426,       377,       252,       639.375
329,      352,       470,       417,       255,       210,       347,       424,       377,       269,       705
330,      352,       470,       417,       255,       210,       347,       425,       377,       271,       725
329,      352,       470,       417,       255,       210,       347,       426,       377,       252,       629.687
329,      352,       471,       417,       254,       210,       347,       425,       377,       279,       760
330,      353,       471,       417,       255,       210,       348,       426,       377,       261,       694.062
329,      352,       471,       417,       254,       210,       347,       426,       376,       260,       664.375
329,      353,       471,       417,       255,       210,       347,       425,       377,       276,       754.687
330,      352,       471,       417,       255,       210,       348,       426,       377,       255,       659.375
