0,        1,         2,         3,         4,         5,         6,         7,         8,         9,         "T"
379,10,-64,120,
304,      318,       280,       259,       239,       210,       252,       319,       311,       245,       0
305,      318,       280,       259,       240,       210,       253,       319,       311,       241,       0
304,      318,       280,       258,       239,       210,       252,       318,       311,       261,       0
305,      319,       280,       259,       239,       209,       253,       320,       312,       237,       0
305,      318,       280,       259,       239,       210,       252,       319,       312,       236,       0
305,      319,       279,       259,       239,       210,       252,       319,       311,       253,       0
304,      318,       280,       259,       239,       210,       252,       319,       311,       228,       0
305,      318,       280,       259,       239,       210,       253,       319,       312,       242,       0
305,      318,       280,       259,       240,       210,       253,       320,       312,       231,       0
305,      318,       280,       259,       239,       210,       253,       318,       312,       251,       0
306,      318,       280,       259,       239,       210,       253,       319,       311,       255,       0
306,      318,       280,       259,       240,       209,       253,       319,       311,       235,       0
305,      318,       280,       259,       240,       210,       253,       319,       311,       237,       0
305,      319,       280,       260,       240,       210,       252,       319,       312,       250,       0
306,      319,       280,       259,       240,       210,       253,       320,       311,       234,       0
305,      318,       280,       259,       239,       210,       253,       320,       311,       245,       0
304,      318,       280,       259,       240,       210,       253,       319,       311,       244,       0
306,      319,       280,       260,       240,       210,       253,       320,       311,       244,       0
305,      319,       279,       259,       239,       210,       253,       320,       312,       228,       0
306,      319,       281,       260,       239,       210,       252,       319,       310,       249,       0
305,      318,       280,       259,       239,       210,       253,       320,       312,       240,       0
305,      319,       281,       260,       239,       210,       253,       320,       312,       232,       65
305,      318,       281,       259,       239,       210,       253,       320,       311,       233,       55
306,      319,       281,       260,       239,       210,       253,       320,       311,       251,       160
306,      319,       281,       259,       240,       210,       253,       320,       312,       232,       70
305,      319,       281,       260,       240,       210,       253,       319,       311,       238,       90
306,      319,       280,       260,       240,       210,       253,       320,       312,       252,       170
306,      319,       281,       259,       240,       210,       254,       320,       312,       233,       80
305,      318,       281,       260,       239,       210,       253,       320,       311,       246,       125
306,      319,       281,       259,       240,       210,       253,       320,       311,       245,       130
306,      319,       281,       260,       240,       210,       253,       321,       312,       247,       155
306,      319,       281,       260,       240,       210,       253,       321,       312,       232,       80
306,      318,       281,       260,       240,       210,       253,       320,       311,       250,       155
306,      319,       280,       260,       239,       210,       253,       321,       311,       243,       120
306,      319,       281,       260,       240,       210,       254,       321,       312,       229,       70
307,      319,       281,       259,       240,       210,       253,       321,       312,       231,       75
306,      319,       281,       260,       240,       210,       254,       321,       312,       250,       175
307,      319,       281,       260,       240,       210,       254,       322,       312,       247,       170
307,      319,       281,       259,       240,       210,       254,       322,       312,       230,       80
307,      319,       281,       259,       240,       210,       254,       321,       312,       249,       170
307,      320,       281,       260,       240,       210,       254,       321,       313,       257,       225
308,      320,       282,       260,       241,       210,       255,       322,       313,       244,       185
307,      319,       282,       260,       240,       210,       255,       322,       313,       230,       100
308,      320,       282,       260,       240,       210,       254,       321,       312,       251,       200
308,      320,       282,       260,       240,       210,       255,       322,       313,       239,       155
308,      320,       282,       260,       240,       210,       255,       322,       313,       230,       110
307,      320,       282,       260,       239,       210,       254,       322,       312,       231,       95
309,      319,       282,       260,       241,       210,       255,       322,       312,       251,       215
309,      320,       281,       261,       240,       210,       255,       323,       313,       239,       165
309,      320,       282,       260,       240,       210,       255,       322,       312,       233,       125
309,      320,       282,       260,       240,       210,       255,       321,       313,       252,       220
310,      320,       282,       261,       241,       210,       255,       323,       314,       237,       175
310,      321,       282,       261,       241,       210,       255,       323,       313,       238,       180
309,      320,       283,       260,       240,       210,       255,       322,       313,       235,       145
310,      321,       283,       261,       240,       210,       255,       322,       313,       253,       250
311,      321,       283,       261,       240,       210,       256,       323,       313,       234,       170
311,      322,       283,       261,       240,       210,       256,       322,       312,       234,       165
310,      321,       283,       261,       240,       210,       256,       322,       313,       250,       240
311,      321,       283,       261,       241,       210,       256,       323,       313,       233,       170
311,      322,       283,       261,       241,       210,       256,       324,       314,       231,       175
311,      321,       283,       262,       240,       210,       255,       323,       313,       243,       215
311,      322,       284,       261,       241,       210,       256,       323,       313,       255,       290
312,      321,       284,       261,       241,       210,       256,       324,       313,       231,       175
312,      322,       284,       261,       241,       210,       256,       323,       313,       241,       225
312,      321,       284,       261,       240,       210,       255,       323,       313,       249,       250
312,      322,       284,       262,       241,       210,       255,       323,       313,       248,       260
312,      322,       284,       261,       241,       210,       256,       324,       313,       229,       170
312,      322,       284,       262,       241,       210,       256,       323,       313,       244,       245
312,      322,       285,       262,       240,       210,       256,       324,       313,       246,       260
313,      322,       284,       262,       241,       210,       257,       324,       314,       230,       195
312,      322,       284,       262,       241,       210,       256,       323,       313,       245,       250
312,      322,       284,       262,       240,       210,       256,       324,       313,       247,       260
313,      323,       285,       263,       241,       210,       257,       325,       314,       247,       300
313,      322,       285,       262,       241,       210,       257,       325,       314,       229,       200
312,      322,       285,       262,       241,       210,       256,       324,       314,       246,       270
314,      323,       285,       263,       242,       209,       257,       325,       314,       244,       290
313,      322,       285,       263,       240,       210,       257,       326,       314,       229,       205
312,      322,       285,       262,       241,       210,       257,       324,       314,       247,       280
313,      322,       286,       263,       241,       210,       257,       325,       313,       248,       300
314,      323,       286,       263,       241,       210,       257,       326,       314,       239,       275
313,      322,       285,       263,       241,       210,       258,       326,       315,       230,       225
314,      322,       286,       263,       241,       210,       257,       325,       314,       251,       325
314,      323,       286,       263,       241,       210,       257,       326,       315,       241,       290
313,      323,       286,       264,       241,       210,       258,       326,       315,       233,       255
314,      323,       286,       263,       241,       209,       258,       326,       315,       234,       255
314,      324,       286,       264,       242,       210,       258,       326,       315,       256,       385
314,      324,       287,       264,       241,       210,       259,       327,       315,       234,       285
315,      324,       286,       264,       241,       210,       258,       326,       315,       240,       305
314,      323,       287,       264,       241,       209,       258,       326,       314,       239,       285
315,      325,       288,       264,       241,       210,       258,       327,       315,       233,       290
316,      325,       287,       264,       241,       210,       259,       327,       315,       234,       300
314,      324,       287,       264,       240,       210,       258,       326,       314,       242,       305
315,      324,       288,       264,       241,       209,       257,       326,       314,       251,       355
315,      325,       287,       264,       241,       210,       259,       327,       313,       251,       370
315,      324,       288,       264,       241,       209,       258,       326,       314,       241,       310
315,      324,       288,       264,       241,       210,       258,       327,       314,       240,       315
316,      325,       289,       265,       242,       210,       258,       327,       315,       248,       385
316,      326,       288,       265,       242,       210,       260,       328,       317,       231,       325
316,      325,       288,       265,       242,       210,       259,       327,       316,       244,       370
315,      325,       289,       265,       241,       210,       258,       327,       315,       244,       355
316,      326,       289,       266,       242,       210,       260,       328,       317,       247,       415
316,      325,       289,       265,       242,       210,       259,       329,       316,       230,       315
316,      326,       289,       265,       241,       210,       259,       326,       316,       252,       410
317,      325,       289,       266,       241,       210,       259,       328,       316,       248,       405
316,      325,       289,       266,       241,       210,       259,       328,       316,       230,       310
316,      325,       290,       265,       240,       210,       259,       327,       316,       229,       295
316,      324,       290,       266,       241,       210,       259,       328,       315,       249,       400
317,      326,       290,       266,       241,       210,       259,       328,       315,       243,       385
316,      325,       289,       265,       241,       210,       259,       327,       315,       231,       300
316,      326,       290,       266,       240,       210,       259,       327,       315,       251,       410
316,      325,       290,       266,       241,       210,       259,       327,       315,       250,       405
317,      326,       290,       267,       241,       210,       259,       328,       315,       240,       375
316,      326,       290,       266,       241,       210,       260,       329,       316,       232,       340
316,      326,       291,       267,       241,       210,       259,       327,       315,       251,       425
316,      326,       291,       266,       241,       210,       259,       329,       316,       241,       385
316,      326,       291,       267,       241,       210,       260,       328,       315,       235,       355
316,      326,       291,       266,       241,       210,       259,       327,       315,       234,       335
317,      327,       291,       267,       241,       210,       260,       329,       315,       252,       455
317,      326,       291,       268,       241,       210,       260,       329,       315,       237,       380
317,      326,       291,       267,       240,       210,       260,       328,       315,       237,       365
316,      326,       291,       267,       240,       209,       260,       327,       315,       253,       430
317,      326,       291,       268,       241,       209,       260,       329,       315,       234,       360
317,      327,       292,       267,       241,       209,       260,       329,       316,       237,       385
316,      326,       292,       267,       241,       210,       260,       328,       314,       241,       385
317,      326,       292,       267,       240,       210,       260,       328,       315,       250,       435
317,      326,       292,       268,       241,       210,       261,       329,       316,       231,       365
318,      326,       292,       268,       241,       210,       260,       328,       315,       243,       415
317,      326,       292,       267,       241,       210,       260,       328,       314,       249,       430
317,      326,       293,       268,       241,       210,       260,       329,       315,       247,       440
317,      327,       293,       268,       241,       210,       260,       329,       316,       230,       365
317,      326,       292,       268,       240,       210,       260,       328,       315,       258,       480
317,      326,       293,       268,       241,       210,       260,       329,       315,       248,       445
318,      327,       293,       268,       241,       210,       260,       328,       316,       241,       420
317,      327,       292,       268,       240,       210,       260,       329,       316,       231,       360
317,      327,       293,       269,       240,       210,       260,       328,       315,       262,       515
318,      326,       293,       268,       240,       210,       261,       329,       316,       242,       425
317,      326,       294,       269,       241,       210,       261,       329,       315,       236,       400
317,      326,       293,       269,       240,       210,       260,       328,       315,       237,       385
318,      327,       293,       269,       241,       210,       261,       329,       315,       253,       490
317,      326,       293,       269,       240,       210,       261,       329,       316,       236,       395
318,      327,       294,       269,       240,       210,       260,       328,       315,       243,       430
317,      326,       293,       269,       240,       210,       260,       328,       316,       251,       460
317,      326,       294,       270,       241,       210,       261,       330,       316,       230,       385
317,      327,       293,       269,       241,       210,       261,       329,       316,       231,       380
318,      326,       294,       269,       240,       209,       261,       329,       316,       248,       460
318,      327,       294,       269,       241,       210,       261,       329,       316,       244,       455
318,      326,       294,       269,       240,       211,       261,       330,       316,       234,       405
317,      326,       294,       270,       240,       210,       260,       328,       316,       251,       470
318,      327,       295,       270,       241,       209,       261,       329,       316,       240,       440
317,      326,       294,       270,       241,       210,       261,       328,       315,       235,       395
318,      327,       295,       270,       240,       210,       260,       329,       315,       238,       420
318,      328,       294,       271,       241,       210,       261,       329,       315,       251,       500
318,      327,       295,       270,       241,       210,       261,       330,       316,       235,       425
317,      326,       295,       270,       241,       210,       261,       328,       316,       254,       500
317,      327,       295,       270,       240,       210,       261,       329,       316,       250,       485
318,      327,       296,       271,       240,       210,       261,       330,       316,       229,       400
318,      327,       295,       270,       240,       210,       261,       329,       316,       230,       390
317,      328,       295,       271,       240,       210,       261,       329,       315,       250,       490
318,      327,       296,       271,       240,       210,       261,       330,       316,       242,       465
318,      327,       295,       270,       240,       209,       261,       329,       316,       233,       400
318,      327,       295,       271,       239,       210,       261,       328,       315,       255,       505
318,      327,       296,       271,       240,       210,       261,       328,       316,       256,       525
318,      328,       296,       271,       240,       210,       262,       330,       316,       235,       440
319,      327,       296,       271,       240,       210,       260,       328,       315,       239,       435
319,      328,       297,       271,       240,       210,       261,       329,       315,       252,       520
319,      327,       296,       272,       241,       210,       261,       330,       316,       249,       515
318,      328,       296,       271,       240,       209,       261,       329,       316,       229,       395
318,      327,       296,       272,       240,       210,       261,       329,       316,       254,       525
319,      328,       296,       272,       241,       210,       261,       330,       316,       240,       475
318,      328,       297,       272,       241,       210,       262,       330,       316,       232,       440
319,      327,       298,       271,       240,       210,       261,       330,       316,       253,       535
319,      328,       297,       273,       240,       210,       262,       329,       316,       252,       540
320,      328,       297,       272,       241,       210,       261,       330,       316,       233,       450
318,      328,       298,       272,       241,       209,       262,       329,       316,       241,       480
320,      329,       298,       273,       240,       210,       262,       330,       316,       250,       550
320,      328,       297,       273,       241,       209,       262,       331,       316,       230,       445
319,      329,       298,       272,       240,       210,       262,       330,       317,       247,       530
319,      328,       298,       272,       241,       209,       262,       329,       316,       249,       525
320,      328,       298,       273,       240,       210,       262,       331,       317,       240,       505
320,      329,       298,       273,       241,       210,       262,       331,       317,       235,       490
320,      328,       298,       273,       240,       210,       262,       330,       317,       233,       465
320,      328,       298,       273,       241,       210,       263,       331,       318,       236,       500
321,      329,       299,       274,       241,       210,       263,       331,       317,       235,       510
319,      329,       299,       273,       240,       210,       262,       330,       317,       242,       515
320,      329,       299,       273,       241,       210,       262,       330,       316,       250,       560
320,      329,       299,       274,       241,       210,       263,       331,       317,       229,       475
320,      328,       299,       273,       241,       210,       262,       330,       317,       230,       460
320,      329,       299,       273,       240,       210,       263,       331,       317,       250,       570
320,      328,       300,       274,       241,       210,       263,       331,       317,       244,       550
320,      329,       299,       273,       240,       210,       263,       331,       318,       232,       485
320,      329,       299,       274,       240,       210,       263,       330,       317,       252,       580
321,      329,       300,       274,       241,       210,       263,       332,       318,       235,       525
321,      329,       300,       274,       241,       210,       263,       332,       317,       234,       515
320,      329,       300,       274,       241,       210,       262,       331,       317,       251,       585
321,      329,       300,       275,       241,       210,       263,       331,       317,       250,       595
321,      329,       300,       274,       241,       210,       263,       332,       317,       230,       495
321,      329,       301,       275,       240,       210,       263,       331,       317,       247,       580
321,      329,       301,       275,       241,       210,       263,       332,       317,       247,       590
321,      329,       300,       275,       241,       210,       263,       332,       318,       231,       510
321,      329,       301,       274,       241,       210,       263,       331,       317,       231,       500
321,      330,       301,       275,       241,       210,       263,       332,       318,       240,       565
321,      330,       301,       276,       241,       210,       264,       332,       318,       239,       570
320,      329,       301,       275,       240,       210,       264,       331,       317,       237,       530
321,      329,       301,       275,       240,       210,       264,       331,       317,       253,       615
321,      329,       301,       276,       241,       210,       264,       332,       318,       233,       535
322,      329,       302,       276,       241,       210,       263,       331,       318,       233,       535
320,      329,       302,       276,       240,       210,       263,       331,       317,       244,       570
321,      330,       302,       276,       241,       210,       263,       331,       317,       249,       610
321,      330,       302,       276,       240,       210,       263,       332,       317,       232,       525
321,      330,       302,       275,       241,       210,       263,       331,       317,       247,       595
322,      329,       302,       277,       240,       210,       263,       332,       318,       242,       585
322,      330,       302,       276,       241,       210,       264,       332,       318,       241,       590
321,      329,       302,       276,       241,       210,       263,       331,       318,       233,       530
321,      330,       302,       276,       240,       210,       263,       332,       317,       259,       660
321,      330,       303,       277,       241,       210,       264,       332,       318,       253,       655
322,      330,       303,       277,       241,       210,       264,       332,       318,       234,       565
321,      329,       303,       276,       241,       210,       263,       332,       317,       236,       550
321,      330,       303,       277,       241,       210,       263,       331,       318,       252,       640
322,      331,       303,       277,       241,       210,       264,       333,       319,       232,       570
322,      330,       303,       277,       241,       209,       264,       332,       318,       242,       600
321,      330,       303,       277,       241,       210,       264,       332,       318,       243,       605
322,      331,       303,       278,       241,       210,       264,       333,       318,       248,       650
322,      330,       304,       277,       241,       210,       265,       333,       319,       230,       565
322,      330,       304,       278,       241,       210,       264,       332,       318,       247,       640
322,      330,       304,       277,       241,       210,       264,       333,       318,       260,       705
323,      330,       304,       278,       241,       210,       265,       333,       319,       231,       580
322,      330,       304,       278,       241,       210,       265,       332,       318,       232,       570
322,      330,       304,       278,       241,       210,       264,       332,       318,       255,       680
323,      331,       304,       278,       241,       210,       265,       333,       319,       239,       625
322,      330,       304,       278,       241,       210,       264,       332,       319,       235,       585
322,      330,       304,       278,       240,       210,       264,       332,       318,       235,       575
322,      330,       305,       278,       241,       210,       264,       332,       318,       252,       670
322,      331,       305,       279,       241,       210,       265,       333,       319,       236,       615
321,      331,       305,       279,       241,       210,       265,       333,       319,       235,       605
323,      331,       305,       278,       241,       209,       264,       332,       318,       252,       675
323,      330,       305,       279,       241,       209,       265,       332,       319,       267,       760
323,      331,       305,       279,       241,       210,       264,       332,       319,       234,       600
322,      330,       305,       279,       241,       210,       264,       332,       318,       238,       605
322,      331,       305,       280,       240,       210,       265,       332,       318,       255,       700
323,      332,       305,       279,       241,       210,       265,       333,       319,       238,       635
322,      331,       305,       279,       240,       210,       264,       332,       318,       243,       630
322,      331,       306,       279,       240,       210,       264,       331,       318,       242,       625
323,      331,       306,       279,       241,       210,       264,       331,       318,       253,       690
324,      331,       306,       280,       241,       209,       265,       333,       319,       233,       615
322,      331,       306,       279,       240,       210,       264,       332,       318,       245,       645
323,      330,       307,       280,       240,       210,       264,       331,       318,       251,       680
323,      331,       306,       280,       241,       210,       264,       333,       318,       233,       605
323,      331,       306,       280,       241,       210,       264,       333,       319,       232,       605
323,      331,       306,       280,       241,       210,       264,       332,       319,       241,       645
323,      331,       306,       280,       240,       210,       264,       332,       318,       249,       675
324,      332,       307,       280,       241,       210,       265,       332,       319,       252,       720
323,      331,       307,       280,       240,       209,       264,       331,       319,       231,       585
323,      331,       307,       280,       240,       210,       264,       331,       318,       246,       660
324,      331,       307,       281,       241,       210,       264,       332,       319,       248,       695
324,      331,       306,       281,       241,       210,       264,       333,       319,       229,       600
323,      331,       307,       280,       240,       210,       264,       331,       318,       247,       665
323,      332,       308,       281,       240,       210,       264,       331,       319,       246,       680
324,      332,       307,       281,       241,       210,       265,       333,       319,       245,       695
323,      331,       308,       281,       241,       210,       264,       332,       319,       229,       600
323,      332,       307,       281,       240,       210,       264,       331,       318,       250,       690
323,      331,       308,       281,       240,       210,       265,       333,       319,       245,       685
324,      332,       308,       281,       241,       210,       265,       332,       319,       231,       625
323,      331,       308,       281,       240,       210,       264,       333,       319,       230,       605
325,      332,       309,       281,       240,       210,       264,       333,       319,       258,       765
325,      332,       309,       281,       240,       210,       264,       333,       319,       244,       695
325,      332,       309,       282,       241,       210,       265,       333,       319,       247,       725
324,      332,       309,       281,       240,       210,       265,       333,       319,       231,       630
324,      332,       309,       282,       241,       210,       264,       332,       319,       247,       710
324,      332,       309,       282,       241,       210,       265,       333,       320,       243,       705
325,      332,       309,       282,       241,       210,       264,       333,       319,       243,       700
324,      331,       309,       282,       241,       210,       264,       333,       319,       233,       640
324,      332,       310,       282,       240,       210,       264,       332,       319,       250,       725
325,      332,       310,       283,       241,       210,       265,       334,       320,       240,       710
325,      333,       309,       283,       241,       210,       265,       333,       320,       241,       710
325,      332,       310,       283,       240,       210,       264,       332,       320,       252,       750
325,      332,       310,       283,       241,       210,       265,       333,       319,       252,       760
326,      333,       310,       284,       241,       210,       265,       334,       320,       241,       730
326,      332,       311,       283,       242,       210,       266,       333,       320,       244,       745
325,      332,       310,       284,       241,       210,       265,       333,       320,       252,       770
325,      333,       310,       283,       241,       210,       266,       334,       320,       240,       720
325,      333,       310,       284,       241,       210,       266,       334,       320,       234,       695
324,      333,       310,       283,       240,       210,       265,       334,       320,       236,       685
325,      332,       311,       284,       241,       210,       266,       334,       320,       253,       790
326,      333,       311,       284,       241,       210,       266,       334,       320,       243,       750
326,      333,       311,       284,       241,       210,       266,       334,       321,       234,       710
325,      332,       311,       284,       241,       210,       265,       333,       320,       252,       775
326,      333,       311,       284,       241,       210,       265,       333,       320,       262,       835
326,      334,       311,       284,       242,       209,       266,       335,       321,       237,       735
325,      333,       311,       285,       242,       210,       266,       334,       320,       237,       725
326,      333,       312,       284,       241,       210,       266,       334,       321,       254,       815
326,      333,       311,       285,       242,       210,       266,       335,       321,       256,       835
327,      334,       312,       284,       242,       210,       267,       334,       321,       238,       755
326,      333,       312,       284,       242,       209,       267,       334,       321,       236,       730
326,      333,       312,       285,       242,       210,       266,       335,       321,       257,       845
326,      334,       312,       285,       242,       210,       267,       335,       322,       234,       745
326,      334,       312,       285,       242,       209,       266,       334,       321,       241,       760
326,      333,       313,       285,       242,       210,       266,       335,       321,       240,       765
326,      334,       312,       285,       243,       210,       267,       336,       322,       251,       840
327,      334,       312,       286,       242,       210,       267,       336,       322,       233,       755
326,      334,       313,       286,       242,       211,       266,       335,       321,       243,       795
327,      334,       313,       285,       242,       210,       267,       335,       322,       251,       840
327,      334,       313,       286,       242,       210,       267,       335,       321,       251,       840
327,      334,       313,       286,       243,       210,       267,       335,       322,       232,       755
326,      333,       313,       286,       242,       210,       267,       335,       321,       243,       790
327,      334,       314,       287,       242,       210,       267,       335,       322,       250,       850
327,      334,       314,       286,       243,       210,       268,       336,       322,       232,       770
326,      334,       313,       286,       242,       210,       267,       335,       321,       246,       810
327,      333,       314,       286,       242,       210,       267,       335,       321,       248,       825
328,      335,       314,       287,       242,       210,       267,       336,       322,       248,       855
327,      335,       314,       287,       242,       210,       267,       336,       322,       230,       760
326,      334,       314,       286,       242,       210,       267,       335,       322,       250,       840
327,      334,       314,       287,       242,       210,       267,       336,       322,       250,       855
327,      335,       314,       287,       242,       209,       268,       335,       322,       232,       765
327,      334,       314,       286,       242,       210,       267,       336,       322,       231,       755
327,      334,       314,       288,       242,       210,       267,       336,       322,       250,       860
328,      334,       315,       287,       242,       210,       268,       336,       322,       246,       850
327,      335,       312,       288,       243,       210,       268,       336,       323,       233,       785
327,      335,       312,       287,       242,       210,       267,       336,       323,       233,       770
326,      335,       312,       287,       242,       210,       267,       336,       322,       251,       850
327,      335,       313,       288,       242,       210,       268,       336,       322,       253,       880
328,      335,       313,       288,       242,       210,       267,       337,       323,       242,       835
328,      335,       313,       288,       243,       209,       268,       337,       323,       235,       805
327,      335,       313,       288,       242,       210,       267,       336,       322,       233,       775
328,      335,       313,       289,       242,       210,       268,       337,       323,       237,       820
328,      335,       313,       288,       243,       210,       268,       337,       323,       239,       830
327,      335,       313,       288,       243,       210,       268,       337,       323,       238,       820
327,      335,       314,       288,       242,       210,       267,       336,       322,       255,       890
328,      336,       313,       289,       243,       210,       268,       337,       323,       234,       815
329,      335,       313,       289,       242,       210,       268,       337,       323,       235,       815
328,      335,       313,       288,       242,       210,       267,       337,       322,       252,       880
328,      336,       314,       289,       242,       210,       268,       337,       323,       253,       910
328,      336,       313,       289,       243,       210,       268,       337,       323,       232,       805
327,      336,       314,       289,       243,       210,       268,       336,       322,       243,       850
329,      335,       314,       289,       242,       210,       268,       337,       322,       249,       885
329,      335,       315,       290,       243,       210,       269,       337,       323,       250,       915
328,      335,       315,       289,       243,       209,       268,       336,       323,       231,       795
328,      335,       315,       289,       243,       210,       267,       336,       323,       248,       880
327,      335,       314,       290,       242,       210,       268,       336,       323,       250,       885
329,      336,       315,       289,       243,       210,       268,       337,       324,       249,       910
328,      336,       315,       290,       243,       210,       268,       338,       323,       248,       905
329,      335,       315,       289,       242,       210,       268,       337,       323,       261,       955
328,      336,       314,       290,       243,       210,       268,       336,       323,       251,       905
329,      337,       315,       290,       243,       210,       268,       338,       324,       243,       895
329,      336,       316,       290,       243,       209,       269,       338,       324,       231,       835
329,      336,       316,       290,       243,       210,       268,       337,       323,       251,       925
329,      335,       316,       290,       243,       210,       269,       338,       323,       251,       930
329,      337,       316,       290,       243,       210,       268,       338,       324,       241,       890
329,      336,       316,       290,       243,       210,       269,       338,       324,       233,       850
328,      336,       316,       290,       243,       209,       268,       337,       324,       253,       930
330,      337,       315,       291,       243,       210,       269,       339,       324,       240,       900
328,      337,       316,       291,       243,       210,       269,       338,       324,       235,       865
328,      336,       317,       291,       243,       210,       269,       337,       324,       235,       860
328,      337,       317,       291,       244,       210,       269,       338,       324,       257,       985
329,      337,       317,       291,       244,       210,       269,       339,       324,       239,       905
329,      335,       317,       291,       243,       210,       269,       338,       324,       238,       880
330,      336,       317,       291,       243,       210,       269,       338,       324,       257,       985
330,      338,       318,       292,       243,       210,       269,       338,       324,       256,       1000
330,      337,       317,       292,       244,       210,       269,       338,       325,       237,       905
329,      336,       318,       291,       243,       210,       270,       339,       324,       245,       935
330,      337,       317,       292,       244,       210,       269,       338,       324,       264,       1035
330,      337,       317,       293,       244,       209,       270,       339,       325,       239,       925
329,      337,       318,       292,       244,       210,       269,       338,       324,       245,       940
329,      336,       317,       292,       243,       210,       269,       338,       324,       238,       890
330,      338,       318,       292,       244,       209,       270,       339,       324,       252,       990
329,      337,       318,       293,       243,       210,       270,       339,       325,       235,       905
329,      337,       318,       292,       243,       210,       269,       338,       324,       242,       920
330,      337,       318,       292,       243,       210,       269,       338,       324,       252,       975
329,      337,       318,       293,       244,       209,       269,       339,       325,       234,       895
330,      337,       318,       293,       243,       209,       269,       339,       325,       234,       895
329,      337,       319,       293,       243,       210,       269,       338,       324,       244,       940
330,      337,       319,       293,       242,       210,       268,       338,       324,       259,       1010
330,      338,       319,       293,       243,       210,       269,       339,       325,       235,       915
330,      338,       319,       293,       243,       210,       269,       338,       324,       245,       955
330,      337,       319,       293,       243,       210,       269,       338,       324,       246,       955
330,      338,       319,       293,       243,       210,       269,       338,       324,       252,       990
330,      338,       319,       293,       243,       210,       269,       338,       324,       252,       990
330,      338,       320,       293,       243,       210,       269,       338,       325,       232,       900
