0,        1,         2,         3,         4,         5,         6,         7,         8,         9,         "T"
379,10,-48,121,
312,      329,       452,       386,       247,       211,       350,       423,       392,       260,       0
312,      330,       453,       386,       247,       211,       349,       422,       391,       280,       0
313,      329,       454,       386,       247,       211,       349,       423,       392,       269,       0
312,      329,       454,       386,       247,       211,       348,       422,       391,       281,       0
312,      330,       452,       386,       247,       211,       349,       423,       392,       261,       0
311,      329,       453,       386,       247,       211,       349,       422,       392,       276,       0
312,      329,       452,       386,       247,       211,       349,       423,       392,       278,       0
311,      329,       452,       386,       247,       211,       349,       423,       392,       263,       0
313,      330,       454,       386,       247,       211,       349,       423,       391,       286,       0
312,      330,       452,       386,       248,       211,       350,       424,       392,       261,       0
311,      329,       452,       386,       248,       211,       350,       423,       392,       286,       0
312,      329,       454,       385,       247,       211,       349,       423,       392,       284,       0
312,      330,       453,       386,       248,       211,       350,       424,       392,       271,       0
312,      329,       453,       386,       247,       211,       350,       424,       393,       263,       0
313,      329,       453,       385,       246,       211,       350,       423,       392,       281,       0
312,      329,       453,       386,       248,       211,       349,       424,       392,       283,       0
313,      329,       453,       386,       247,       211,       349,       425,       392,       263,       0
311,      329,       452,       385,       247,       211,       350,       423,       392,       275,       0
312,      329,       452,       385,       247,       211,       349,       424,       392,       280,       0
312,      329,       453,       386,       248,       210,       350,       424,       392,       261,       0
311,      329,       453,       385,       248,       210,       350,       424,       393,       263,       0
312,      330,       453,       385,       248,       211,       350,       424,       392,       285,       0
312,      329,       454,       386,       248,       211,       350,       425,       393,       268,       0
312,      329,       453,       385,       248,       211,       350,       424,       392,       270,       0
311,      329,       453,       385,       246,       211,       350,       424,       392,       273,       0
312,      329,       453,       385,       248,       211,       350,       425,       392,       275,       0
312,      329,       454,       386,       248,       211,       350,       425,       392,       260,       0
311,      329,       453,       386,       247,       211,       350,       424,       392,       281,       0
312,      329,       453,       386,       248,       211,       350,       424,       391,       283,       0
312,      329,       451,       386,       248,       210,       351,       424,       392,       263,       0
311,      329,       451,       386,       248,       211,       350,       424,       392,       269,       0
312,      329,       452,       385,       247,       211,       350,       424,       392,       280,       0
312,      329,       453,       386,       249,       211,       350,       425,       393,       278,       40.468
311,      329,       451,       385,       248,       211,       350,       425,       393,       261,       -68.751
311,      329,       453,       385,       247,       211,       350,       425,       393,       279,       25
311,      329,       451,       385,       248,       211,       350,       425,       392,       290,       69.686
311,      329,       451,       385,       248,       210,       351,       425,       392,       271,       -25.157
311,      329,       452,       386,       247,       211,       350,       425,       392,       268,       -34.063
311,      329,       451,       385,       247,       211,       350,       424,       391,       266,       -64.845
311,      329,       452,       386,       247,       211,       349,       424,       391,       281,       15
312,      329,       452,       386,       248,       211,       350,       425,       392,       262,       -54.22
312,      329,       452,       385,       248,       211,       350,       425,       392,       260,       -70.314
311,      328,       452,       385,       247,       211,       349,       424,       391,       276,       -19.376
312,      329,       452,       385,       247,       211,       350,       425,       392,       281,       29.375
312,      329,       452,       385,       247,       211,       350,       425,       392,       261,       -70.001
312,      328,       453,       385,       246,       211,       350,       425,       391,       268,       -44.532
312,      329,       451,       385,       247,       211,       350,       424,       391,       290,       60
312,      329,       453,       386,       247,       211,       350,       425,       391,       264,       -50.471
313,      329,       453,       386,       248,       211,       350,       424,       392,       271,       -4.532
312,      329,       452,       385,       247,       211,       349,       424,       391,       277,       -5.625
312,      330,       452,       386,       248,       211,       349,       424,       391,       283,       39.842
312,      329,       451,       385,       248,       211,       350,       425,       392,       259,       -79.845
311,      329,       451,       385,       247,       211,       349,       424,       391,       280,       -.625
312,      329,       451,       386,       247,       211,       349,       424,       391,       282,       20.625
313,      329,       451,       385,       247,       211,       350,       425,       392,       270,       -25.313
312,      329,       451,       385,       247,       211,       350,       425,       392,       270,       -30.471
312,      329,       451,       385,       247,       210,       350,       424,       392,       263,       -75.625
313,      329,       451,       386,       248,       211,       350,       424,       392,       281,       34.842
314,      330,       451,       386,       248,       210,       350,       425,       392,       264,       -38.907
313,      330,       452,       385,       247,       211,       350,       424,       391,       284,       45
313,      329,       451,       385,       247,       211,       350,       425,       392,       277,       8.904
314,      330,       452,       386,       247,       211,       351,       426,       392,       271,       9.843
315,      329,       452,       386,       248,       211,       351,       425,       392,       268,       -4.376
314,      329,       452,       385,       247,       212,       350,       425,       392,       283,       55.468
314,      330,       451,       386,       248,       210,       350,       425,       391,       282,       45.78
315,      330,       452,       386,       248,       211,       351,       426,       392,       262,       -24.688
315,      331,       452,       386,       248,       211,       350,       425,       392,       274,       31.249
314,      330,       452,       386,       248,       210,       350,       426,       392,       286,       80.624
316,      331,       452,       386,       248,       211,       350,       426,       392,       274,       40.468
315,      331,       452,       386,       247,       210,       351,       426,       392,       262,       -29.22
315,      331,       452,       386,       247,       211,       350,       426,       392,       280,       60.312
316,      330,       451,       387,       248,       211,       351,       426,       393,       267,       11.718
316,      330,       452,       386,       248,       211,       351,       426,       393,       266,       4.843
315,      331,       452,       386,       247,       211,       351,       426,       393,       270,       19.687
317,      332,       452,       387,       248,       210,       351,       426,       392,       280,       86.092
317,      331,       452,       387,       248,       211,       351,       427,       392,       262,       -.625
317,      331,       453,       387,       248,       210,       351,       426,       392,       278,       74.529
316,      331,       453,       386,       247,       211,       351,       426,       393,       279,       75
318,      332,       453,       387,       248,       211,       351,       427,       393,       275,       85
316,      331,       453,       387,       248,       211,       352,       427,       393,       265,       23.904
317,      332,       453,       387,       247,       211,       351,       427,       393,       282,       110.468
318,      332,       453,       387,       248,       211,       351,       427,       393,       282,       120.155
318,      332,       453,       387,       248,       211,       351,       427,       392,       262,       14.218
317,      332,       453,       388,       248,       210,       351,       426,       392,       272,       54.218
318,      332,       453,       387,       247,       211,       351,       427,       392,       289,       143.904
318,      332,       453,       387,       248,       211,       351,       427,       393,       275,       85.935
318,      332,       453,       388,       247,       211,       351,       427,       393,       264,       29.842
317,      332,       453,       388,       247,       211,       351,       427,       392,       283,       114.686
319,      332,       453,       388,       247,       211,       351,       427,       392,       283,       125.155
318,      333,       453,       388,       248,       211,       351,       427,       392,       263,       28.593
318,      333,       454,       388,       247,       210,       351,       426,       392,       273,       70.468
319,      332,       453,       388,       247,       211,       351,       427,       392,       277,       95.936
319,      332,       453,       388,       248,       211,       352,       427,       393,       275,       99.529
318,      332,       453,       389,       247,       211,       352,       427,       393,       264,       40
319,      332,       454,       388,       248,       211,       352,       427,       393,       289,       174.375
320,      333,       454,       389,       249,       211,       352,       429,       394,       265,       89.686
319,      333,       454,       389,       248,       211,       352,       428,       393,       268,       84.842
318,      333,       454,       389,       247,       211,       352,       427,       392,       287,       159.686
318,      333,       454,       389,       247,       211,       351,       427,       392,       279,       115.936
319,      334,       454,       390,       248,       211,       352,       427,       392,       261,       48.904
318,      332,       454,       389,       246,       210,       352,       428,       392,       266,       45.311
320,      333,       455,       390,       247,       211,       351,       428,       392,       284,       165.468
319,      333,       455,       390,       248,       211,       352,       428,       392,       266,       79.06
318,      332,       455,       390,       248,       211,       351,       427,       391,       272,       85
319,      332,       455,       390,       247,       211,       352,       427,       391,       277,       114.998
320,      333,       455,       390,       247,       211,       352,       427,       392,       288,       185.156
319,      333,       455,       390,       247,       211,       352,       428,       392,       261,       50
320,      333,       455,       390,       247,       211,       351,       427,       392,       280,       140
320,      333,       456,       391,       247,       211,       352,       429,       392,       269,       109.529
319,      334,       456,       391,       248,       211,       353,       429,       393,       266,       109.686
318,      333,       456,       390,       248,       211,       353,       428,       393,       276,       139.686
319,      334,       456,       391,       247,       211,       351,       428,       392,       281,       160.156
319,      333,       457,       391,       248,       211,       353,       429,       392,       262,       84.999
319,      334,       457,       391,       248,       211,       352,       428,       393,       266,       104.686
319,      333,       457,       391,       248,       211,       353,       429,       392,       279,       169.999
320,      334,       456,       391,       247,       211,       353,       429,       392,       274,       145.781
319,      333,       456,       391,       248,       211,       353,       429,       392,       265,       96.093
319,      333,       458,       391,       247,       211,       353,       428,       392,       269,       114.218
320,      334,       456,       392,       248,       211,       353,       429,       392,       290,       235
319,      333,       457,       391,       247,       211,       353,       429,       392,       261,       75.936
319,      334,       458,       392,       248,       211,       353,       428,       392,       278,       174.843
319,      334,       458,       392,       247,       211,       352,       429,       392,       280,       180.468
321,      334,       458,       392,       247,       211,       353,       429,       392,       261,       100.936
319,      334,       456,       391,       247,       211,       353,       429,       392,       264,       90.623
319,      333,       458,       391,       247,       211,       353,       429,       392,       264,       95.156
320,      334,       458,       392,       248,       211,       353,       430,       392,       283,       214.061
320,      334,       456,       392,       248,       211,       353,       429,       393,       264,       108.904
319,      334,       458,       392,       247,       211,       353,       429,       392,       275,       159.686
319,      334,       458,       392,       247,       211,       353,       429,       392,       283,       199.843
320,      335,       459,       393,       247,       211,       353,       429,       392,       276,       185.78
319,      333,       459,       393,       247,       211,       353,       429,       392,       263,       103.593
320,      334,       459,       393,       247,       210,       352,       429,       391,       282,       194.843
321,      335,       459,       393,       247,       211,       353,       429,       392,       281,       214.218
320,      334,       459,       393,       247,       212,       352,       428,       391,       262,       100.312
320,      334,       457,       393,       247,       211,       352,       429,       391,       275,       155.623
320,      334,       459,       393,       248,       211,       352,       429,       392,       276,       179.999
321,      335,       459,       393,       248,       211,       353,       429,       392,       274,       184.686
320,      334,       459,       393,       247,       211,       352,       428,       391,       264,       103.593
320,      335,       459,       394,       246,       211,       353,       428,       392,       285,       223.593
321,      335,       459,       393,       247,       211,       353,       429,       392,       263,       124.531
320,      335,       460,       394,       247,       211,       353,       428,       392,       261,       114.374
320,      334,       458,       393,       247,       210,       352,       428,       392,       278,       170.156
321,      334,       458,       394,       247,       211,       353,       429,       392,       274,       175.156
321,      335,       458,       394,       247,       211,       353,       429,       392,       271,       164.686
320,      335,       459,       393,       246,       211,       353,       428,       391,       265,       115.311
321,      334,       458,       394,       247,       211,       353,       428,       391,       282,       205
321,      335,       458,       394,       247,       211,       353,       429,       392,       264,       128.904
320,      335,       458,       394,       247,       211,       353,       428,       392,       260,       99.375
321,      335,       458,       394,       247,       210,       352,       429,       391,       277,       180
321,      335,       459,       394,       247,       211,       352,       429,       392,       277,       194.843
320,      334,       459,       394,       247,       211,       352,       428,       391,       264,       109.998
320,      335,       460,       395,       246,       210,       352,       428,       391,       270,       144.374
321,      335,       459,       395,       247,       211,       352,       428,       391,       280,       205.156
321,      334,       459,       395,       247,       211,       353,       429,       391,       260,       109.375
320,      334,       460,       395,       246,       211,       352,       428,       391,       282,       205.156
321,      335,       460,       395,       246,       211,       352,       428,       391,       284,       225.154
321,      335,       461,       395,       247,       211,       353,       429,       392,       266,       160
320,      335,       461,       395,       247,       211,       353,       429,       391,       264,       139.375
321,      334,       460,       395,       246,       211,       353,       429,       391,       272,       168.904
321,      335,       459,       396,       247,       211,       353,       428,       391,       284,       234.843
321,      335,       460,       396,       247,       211,       353,       429,       391,       263,       139.218
320,      334,       460,       395,       246,       210,       353,       428,       391,       280,       193.904
321,      335,       459,       396,       246,       211,       352,       428,       391,       287,       240
321,      335,       460,       396,       247,       211,       353,       429,       391,       273,       189.061
321,      335,       459,       396,       247,       211,       353,       429,       391,       271,       173.904
321,      334,       459,       395,       246,       211,       353,       429,       391,       279,       198.904
321,      335,       460,       396,       247,       211,       353,       429,       391,       279,       220.312
321,      335,       460,       396,       246,       211,       353,       429,       391,       261,       124.529
321,      334,       461,       395,       246,       211,       353,       429,       391,       281,       218.75
321,      336,       460,       396,       246,       211,       353,       429,       391,       267,       160.468
321,      334,       461,       396,       247,       211,       353,       429,       392,       269,       174.529
321,      335,       461,       396,       246,       211,       352,       428,       391,       274,       185.156
321,      335,       461,       396,       247,       211,       353,       428,       391,       288,       264.218
320,      335,       462,       397,       247,       211,       353,       430,       392,       266,       174.218
321,      335,       461,       396,       246,       211,       354,       430,       392,       263,       154.686
320,      336,       461,       396,       247,       211,       353,       429,       391,       283,       244.061
321,      335,       461,       397,       247,       211,       353,       429,       391,       289,       280.156
322,      335,       461,       397,       247,       211,       354,       431,       391,       266,       184.375
320,      335,       461,       397,       247,       211,       353,       430,       391,       276,       213.75
321,      335,       462,       397,       246,       210,       353,       430,       391,       275,       209.843
322,      335,       461,       397,       248,       211,       353,       430,       392,       283,       269.218
321,      335,       462,       397,       247,       211,       354,       430,       392,       260,       154.218
320,      335,       462,       397,       247,       211,       353,       429,       391,       284,       253.904
321,      335,       462,       397,       247,       211,       353,       430,       391,       284,       265.156
321,      335,       462,       397,       248,       211,       354,       431,       392,       263,       179.218
321,      335,       462,       397,       247,       211,       354,       430,       391,       285,       274.375
321,      335,       461,       397,       247,       211,       354,       430,       392,       277,       235.311
322,      336,       462,       397,       247,       211,       354,       431,       392,       279,       264.842
321,      334,       462,       397,       247,       211,       354,       431,       392,       267,       190.156
321,      335,       462,       398,       247,       211,       354,       430,       392,       286,       288.904
322,      336,       462,       398,       247,       211,       354,       431,       392,       270,       225.468
322,      336,       462,       398,       247,       210,       355,       431,       392,       262,       184.686
322,      335,       462,       398,       247,       211,       354,       430,       392,       279,       259.218
321,      335,       462,       398,       247,       211,       354,       431,       392,       273,       229.375
322,      335,       462,       398,       248,       211,       354,       431,       392,       269,       219.529
321,      335,       462,       398,       247,       211,       354,       430,       391,       266,       184.686
321,      335,       463,       398,       247,       211,       354,       430,       391,       283,       274.218
322,      336,       462,       398,       248,       211,       355,       431,       392,       261,       190.156
321,      336,       463,       398,       248,       211,       354,       431,       392,       269,       223.904
321,      335,       463,       398,       247,       211,       354,       430,       392,       279,       259.999
322,      335,       463,       398,       247,       211,       354,       431,       392,       274,       245.311
321,      336,       463,       399,       247,       210,       355,       432,       392,       264,       204.842
322,      335,       463,       399,       247,       211,       355,       431,       392,       266,       215
321,      335,       463,       399,       248,       211,       354,       431,       392,       282,       291.092
322,      336,       463,       399,       248,       210,       355,       432,       393,       262,       210.468
321,      336,       462,       398,       247,       211,       354,       430,       392,       276,       244.218
321,      336,       463,       399,       247,       211,       355,       430,       392,       276,       259.687
322,      336,       465,       399,       248,       211,       355,       432,       393,       276,       294.529
321,      336,       464,       400,       248,       211,       356,       432,       392,       264,       228.593
321,      336,       464,       399,       247,       211,       355,       432,       392,       285,       320
322,      336,       465,       400,       248,       211,       356,       431,       392,       284,       335.623
322,      335,       464,       400,       248,       211,       356,       432,       393,       264,       234.218
321,      336,       463,       400,       247,       211,       356,       433,       392,       262,       214.842
321,      336,       463,       399,       247,       211,       355,       431,       392,       289,       329.687
322,      335,       464,       399,       247,       211,       355,       432,       392,       278,       285
323,      336,       463,       400,       248,       211,       355,       432,       393,       271,       268.904
321,      336,       464,       400,       247,       211,       356,       432,       393,       265,       234.687
322,      335,       464,       400,       247,       211,       355,       432,       393,       284,       324.842
323,      337,       464,       400,       248,       211,       356,       432,       393,       262,       240.312
322,      336,       463,       399,       248,       211,       356,       432,       393,       261,       214.375
321,      336,       464,       400,       247,       211,       355,       432,       392,       279,       295
322,      335,       464,       400,       247,       211,       356,       432,       393,       272,       269.375
322,      336,       464,       400,       248,       211,       356,       433,       392,       266,       249.217
321,      335,       464,       400,       247,       211,       356,       432,       393,       272,       265.623
322,      336,       464,       400,       248,       210,       355,       432,       393,       287,       344.687
322,      336,       464,       401,       249,       211,       356,       433,       393,       264,       254.531
322,      336,       464,       400,       247,       211,       356,       432,       392,       278,       299.375
321,      336,       464,       400,       248,       211,       356,       432,       393,       281,       320
322,      337,       464,       400,       248,       211,       356,       433,       393,       271,       284.531
322,      336,       464,       400,       248,       211,       357,       433,       393,       266,       260
321,      336,       464,       401,       248,       211,       357,       432,       393,       265,       250.623
322,      336,       464,       401,       248,       211,       356,       432,       393,       281,       329.529
322,      337,       465,       401,       248,       211,       356,       433,       393,       262,       250.156
322,      336,       464,       401,       248,       211,       356,       432,       393,       278,       314.061
322,      336,       465,       401,       248,       211,       356,       432,       393,       280,       330
322,      336,       465,       401,       249,       211,       357,       434,       394,       268,       294.373
322,      336,       465,       402,       248,       211,       357,       433,       394,       272,       308.75
322,      336,       465,       401,       248,       211,       356,       433,       393,       284,       353.904
323,      337,       465,       402,       248,       211,       356,       433,       393,       282,       359.687
323,      336,       465,       401,       248,       211,       357,       433,       394,       261,       255.937
322,      336,       465,       401,       248,       211,       356,       433,       394,       265,       265
322,      336,       465,       402,       248,       211,       357,       434,       394,       273,       320.156
322,      336,       465,       402,       248,       211,       357,       434,       394,       271,       308.593
322,      336,       465,       402,       248,       211,       357,       433,       394,       274,       318.904
322,      336,       465,       402,       248,       211,       357,       433,       393,       282,       354.218
323,      337,       466,       402,       249,       211,       357,       434,       394,       261,       279.843
322,      337,       467,       402,       248,       211,       357,       434,       394,       264,       288.75
321,      337,       467,       402,       249,       211,       357,       433,       393,       277,       344.687
322,      337,       467,       402,       248,       211,       357,       434,       394,       274,       340.156
323,      337,       467,       402,       249,       211,       357,       434,       394,       273,       345.468
321,      336,       467,       402,       248,       211,       358,       434,       394,       266,       294.686
322,      337,       468,       402,       248,       211,       358,       434,       394,       283,       394.686
323,      337,       468,       402,       249,       211,       357,       435,       394,       264,       310
322,      337,       465,       403,       249,       211,       358,       435,       394,       263,       294.687
322,      337,       465,       402,       249,       211,       357,       434,       394,       289,       410.779
323,      337,       466,       403,       249,       210,       358,       435,       395,       275,       365
322,      337,       468,       403,       248,       211,       358,       435,       394,       270,       339.375
322,      336,       466,       403,       248,       211,       358,       434,       394,       266,       299.686
323,      337,       468,       403,       249,       211,       358,       434,       394,       293,       460.156
323,      337,       466,       403,       249,       211,       358,       435,       394,       263,       305.468
322,      338,       468,       403,       249,       211,       358,       434,       394,       278,       384.529
322,      337,       467,       403,       248,       211,       358,       434,       394,       283,       394.218
323,      337,       466,       403,       249,       210,       358,       435,       395,       279,       383.75
322,      338,       467,       404,       249,       211,       358,       435,       395,       264,       324.842
323,      336,       466,       403,       248,       211,       358,       434,       394,       287,       409.529
323,      337,       467,       404,       249,       211,       358,       434,       395,       282,       409.687
323,      337,       467,       404,       249,       211,       359,       435,       395,       264,       330
322,      337,       467,       404,       249,       211,       358,       434,       394,       275,       365.156
323,      337,       467,       403,       249,       211,       358,       434,       394,       283,       406.093
324,      338,       468,       404,       249,       211,       358,       435,       395,       274,       389.687
323,      337,       469,       405,       249,       211,       358,       434,       395,       264,       334.062
324,      337,       469,       404,       248,       211,       358,       434,       394,       289,       449.062
322,      337,       467,       404,       249,       211,       358,       434,       394,       282,       399.999
323,      338,       468,       404,       249,       211,       358,       435,       395,       265,       340.156
323,      338,       469,       404,       248,       210,       358,       434,       395,       275,       378.593
323,      338,       467,       405,       249,       211,       358,       435,       395,       282,       424.687
324,      338,       468,       405,       249,       211,       358,       435,       395,       276,       404.218
322,      337,       469,       404,       249,       210,       358,       435,       395,       264,       323.904
323,      337,       469,       405,       249,       211,       359,       435,       395,       285,       450
323,      337,       467,       405,       249,       211,       359,       435,       395,       265,       339.842
324,      338,       468,       405,       249,       211,       359,       436,       395,       277,       418.748
323,      338,       468,       405,       249,       211,       359,       434,       395,       278,       408.904
325,      338,       468,       405,       249,       211,       358,       435,       395,       287,       464.687
324,      338,       468,       406,       250,       211,       359,       435,       396,       279,       439.375
324,      338,       468,       405,       249,       211,       359,       436,       396,       265,       365.156
324,      337,       468,       405,       249,       211,       359,       435,       395,       284,       443.904
324,      339,       468,       406,       249,       211,       360,       437,       396,       268,       398.904
324,      338,       469,       406,       249,       211,       359,       437,       396,       267,       388.904
323,      338,       469,       405,       249,       211,       359,       436,       396,       274,       410
324,      338,       469,       406,       249,       211,       359,       436,       395,       282,       455
324,      338,       469,       406,       250,       211,       360,       436,       396,       262,       369.375
324,      338,       469,       406,       250,       211,       360,       437,       396,       262,       374.375
323,      338,       470,       406,       250,       211,       361,       436,       396,       282,       474.843
324,      339,       470,       407,       250,       211,       360,       437,       397,       274,       455.468
323,      338,       469,       407,       250,       210,       360,       437,       396,       270,       410.937
323,      338,       469,       406,       250,       211,       360,       436,       396,       271,       409.687
325,      339,       470,       407,       250,       211,       361,       436,       396,       281,       490.467
324,      338,       470,       407,       250,       211,       360,       437,       396,       268,       414.218
324,      338,       469,       406,       249,       211,       360,       436,       396,       279,       449.375
324,      338,       470,       406,       249,       211,       360,       437,       396,       280,       464.843
325,      339,       470,       407,       250,       210,       360,       437,       397,       278,       474.218
324,      339,       470,       407,       250,       211,       360,       437,       397,       281,       490.156
324,      339,       470,       407,       250,       211,       361,       438,       397,       264,       414.375
325,      338,       470,       407,       249,       211,       360,       437,       396,       284,       494.999
324,      339,       470,       407,       250,       211,       361,       438,       396,       283,       505.623
325,      339,       471,       408,       250,       211,       361,       437,       397,       266,       435
324,      339,       471,       408,       250,       211,       361,       437,       397,       273,       464.529
325,      339,       470,       407,       250,       211,       361,       437,       397,       281,       500.624
325,      340,       471,       408,       250,       211,       361,       438,       398,       285,       544.999
324,      339,       471,       407,       250,       211,       361,       438,       398,       263,       419.529
324,      339,       471,       408,       250,       211,       361,       437,       397,       294,       569.531
326,      340,       471,       408,       251,       211,       362,       439,       398,       267,       474.218
325,      339,       471,       408,       251,       211,       361,       438,       398,       270,       470
325,      339,       471,       408,       250,       211,       361,       437,       397,       275,       479.061
325,      339,       471,       408,       250,       211,       361,       438,       397,       281,       514.374
325,      339,       471,       409,       250,       210,       361,       438,       397,       263,       424.218
325,      339,       471,       408,       250,       211,       360,       437,       398,       263,       420.156
325,      340,       471,       408,       250,       211,       361,       438,       397,       283,       530.624
326,      340,       471,       409,       250,       211,       361,       438,       398,       277,       514.843
326,      340,       471,       409,       250,       211,       361,       438,       397,       270,       474.529
325,      339,       471,       409,       249,       211,       360,       437,       397,       271,       454.686
325,      339,       471,       408,       249,       211,       361,       437,       397,       283,       515.78
326,      340,       471,       410,       250,       211,       361,       438,       397,       262,       441.248
325,      339,       471,       409,       250,       211,       361,       437,       397,       262,       418.436
325,      339,       472,       409,       249,       210,       360,       437,       397,       280,       500.311
326,      340,       471,       409,       249,       210,       360,       437,       397,       280,       503.904
325,      339,       471,       409,       250,       211,       361,       437,       397,       266,       439.843
326,      339,       472,       409,       249,       211,       360,       437,       397,       265,       433.75
326,      340,       471,       409,       250,       211,       361,       438,       397,       283,       540
326,      340,       472,       410,       250,       211,       361,       438,       398,       267,       474.687
325,      339,       472,       410,       250,       211,       361,       437,       397,       276,       500
325,      340,       471,       410,       249,       211,       360,       437,       396,       277,       490.468
326,      340,       472,       409,       250,       211,       361,       438,       397,       275,       504.842
325,      339,       472,       410,       250,       211,       361,       437,       397,       264,       439.218
326,      339,       472,       410,       250,       211,       360,       437,       397,       288,       559.687
325,      340,       472,       410,       250,       211,       360,       437,       397,       288,       560
326,      340,       472,       410,       250,       211,       361,       436,       397,       267,       459.062
326,      340,       472,       410,       250,       211,       360,       437,       397,       268,       464.375
326,      340,       472,       410,       249,       211,       360,       436,       397,       270,       465.781
326,      340,       473,       410,       249,       211,       360,       435,       396,       282,       519.999
325,      340,       473,       411,       250,       211,       360,       437,       397,       282,       540.156
325,      340,       473,       410,       249,       211,       359,       435,       396,       266,       429.531
326,      340,       473,       411,       249,       211,       359,       435,       396,       281,       514.375
326,      341,       473,       411,       249,       212,       360,       436,       396,       274,       499.218
327,      340,       473,       411,       249,       211,       360,       436,       396,       271,       479.218
326,      340,       473,       411,       249,       211,       359,       435,       396,       274,       478.904
327,      341,       473,       411,       249,       211,       360,       435,       396,       287,       559.375
327,      341,       474,       411,       249,       210,       360,       436,       396,       273,       493.279
327,      339,       475,       411,       250,       211,       360,       435,       396,       264,       449.061
326,      340,       473,       411,       249,       211,       359,       436,       396,       279,       510
327,      340,       474,       411,       249,       211,       360,       436,       396,       278,       520
326,      340,       474,       411,       249,       211,       360,       436,       396,       263,       439.843
326,      340,       474,       411,       248,       211,       359,       435,       396,       264,       429.529
326,      340,       474,       412,       249,       211,       360,       436,       397,       288,       575
327,      341,       474,       412,       249,       211,       360,       436,       396,       268,       479.061
327,      341,       474,       412,       249,       211,       360,       436,       396,       270,       488.904
326,      340,       474,       412,       249,       211,       359,       435,       396,       273,       484.375
327,      341,       474,       412,       249,       211,       359,       435,       396,       290,       580.312
327,      340,       476,       411,       249,       211,       360,       436,       396,       262,       449.687
326,      340,       476,       412,       249,       211,       360,       435,       397,       264,       458.436
327,      341,       476,       412,       249,       210,       360,       436,       396,       284,       565.156
327,      341,       476,       412,       249,       211,       360,       436,       397,       270,       504.062
327,      340,       476,       412,       249,       211,       360,       435,       396,       270,       488.593
326,      340,       475,       412,       248,       211,       359,       435,       396,       272,       480.156
326,      341,       476,       412,       249,       211,       360,       436,       397,       281,       555.156
326,      341,       476,       412,       249,       211,       360,       436,       397,       264,       468.905
326,      340,       476,       412,       249,       211,       359,       435,       396,       281,       533.593
326,      341,       476,       412,       249,       210,       359,       436,       396,       287,       570.468
326,      341,       476,       412,       249,       211,       360,       436,       397,       271,       504.218
326,      340,       476,       412,       249,       211,       360,       436,       397,       282,       554.687
327,      341,       476,       412,       249,       211,       360,       435,       397,       286,       579.531
326,      340,       477,       413,       249,       211,       360,       435,       397,       283,       564.375
327,      340,       476,       412,       250,       211,       361,       436,       396,       268,       493.593
326,      341,       477,       413,       249,       211,       359,       435,       397,       261,       454.218
326,      340,       477,       413,       249,       211,       360,       435,       396,       277,       530.156
327,      341,       477,       413,       249,       211,       360,       435,       396,       274,       524.841
327,      341,       476,       413,       249,       211,       360,       436,       396,       282,       564.061
