0,        1,         2,         3,         4,         5,         6,         7,         8,         9,         "T"
379,10,-64,120,
335,      421,       211,       217,       256,       463,       229,       212,       287,       210,       0
334,      421,       211,       217,       254,       463,       230,       211,       287,       211,       0
334,      420,       211,       217,       254,       464,       229,       211,       286,       211,       0
336,      420,       211,       217,       255,       464,       231,       211,       287,       211,       0
335,      420,       211,       217,       255,       463,       229,       211,       286,       211,       0
335,      421,       211,       217,       255,       463,       230,       211,       287,       210,       0
334,      419,       211,       217,       254,       463,       229,       211,       286,       211,       0
336,      421,       210,       217,       256,       464,       230,       211,       288,       211,       0
335,      419,       211,       217,       254,       463,       229,       211,       287,       211,       0
334,      420,       211,       216,       255,       463,       230,       211,       287,       210,       0
335,      420,       211,       217,       255,       464,       230,       211,       287,       211,       0
334,      420,       211,       217,       254,       463,       229,       211,       286,       212,       0
335,      420,       210,       217,       254,       463,       229,       211,       286,       211,       0
334,      420,       211,       217,       255,       465,       230,       211,       288,       211,       0
335,      420,       211,       216,       255,       464,       229,       211,       286,       210,       0
335,      420,       210,       217,       255,       464,       229,       212,       286,       210,       0
334,      421,       211,       217,       256,       464,       230,       211,       286,       214,       0
335,      420,       211,       217,       255,       464,       230,       211,       287,       213,       0
334,      419,       211,       217,       255,       465,       229,       211,       286,       210,       0
336,      422,       211,       216,       256,       465,       229,       211,       286,       210,       0
336,      420,       211,       217,       255,       465,       230,       211,       287,       211,       0
335,      420,       210,       217,       255,       466,       229,       211,       286,       212,       5
334,      420,       211,       217,       255,       466,       230,       211,       286,       218,       40
336,      422,       211,       217,       256,       466,       230,       212,       287,       210,       35
335,      420,       211,       217,       255,       467,       231,       211,       287,       210,       20
334,      421,       211,       216,       255,       466,       230,       211,       286,       211,       5
337,      421,       211,       217,       255,       468,       231,       211,       288,       211,       50
337,      421,       211,       217,       256,       467,       231,       211,       288,       211,       50
336,      420,       211,       217,       256,       467,       229,       211,       286,       211,       20
336,      421,       211,       217,       255,       467,       230,       211,       287,       210,       25
337,      422,       211,       217,       256,       468,       231,       211,       288,       211,       60
335,      422,       211,       217,       256,       468,       230,       211,       287,       211,       40
337,      420,       211,       217,       255,       468,       230,       211,       287,       211,       35
337,      422,       211,       217,       257,       469,       231,       211,       287,       211,       65
337,      421,       211,       217,       256,       468,       230,       211,       288,       210,       45
337,      422,       211,       216,       255,       469,       230,       211,       287,       211,       45
339,      422,       210,       217,       256,       470,       231,       211,       288,       211,       75
339,      422,       212,       217,       257,       471,       231,       211,       288,       210,       90
338,      421,       211,       217,       257,       471,       231,       211,       287,       210,       70
337,      423,       211,       217,       257,       471,       230,       211,       287,       211,       75
339,      422,       211,       217,       257,       471,       231,       211,       288,       210,       85
337,      423,       211,       217,       257,       471,       231,       211,       287,       210,       75
338,      422,       211,       217,       256,       472,       231,       211,       287,       221,       130
339,      423,       211,       217,       258,       473,       232,       211,       289,       211,       120
340,      423,       211,       217,       258,       474,       232,       211,       288,       211,       125
338,      423,       211,       216,       257,       473,       231,       211,       287,       211,       90
340,      423,       211,       217,       257,       475,       231,       211,       288,       210,       115
339,      424,       211,       217,       258,       475,       232,       211,       288,       211,       130
339,      424,       211,       217,       258,       475,       231,       211,       289,       210,       125
340,      424,       211,       217,       258,       475,       232,       211,       289,       210,       135
340,      424,       211,       217,       258,       476,       232,       211,       289,       211,       145
339,      424,       210,       217,       258,       477,       232,       211,       289,       210,       135
340,      425,       211,       217,       258,       475,       232,       212,       288,       216,       170
342,      425,       211,       217,       259,       478,       233,       211,       290,       214,       200
342,      425,       211,       217,       259,       477,       232,       211,       290,       211,       175
341,      425,       210,       217,       258,       477,       232,       211,       289,       211,       155
341,      426,       211,       217,       259,       478,       233,       211,       290,       210,       180
342,      426,       211,       217,       259,       477,       233,       211,       290,       211,       185
341,      426,       211,       217,       258,       477,       232,       211,       289,       211,       165
342,      426,       210,       217,       258,       477,       232,       211,       289,       221,       215
341,      426,       211,       217,       259,       477,       234,       211,       290,       210,       180
343,      426,       211,       217,       258,       477,       232,       211,       289,       210,       170
341,      427,       211,       218,       258,       477,       233,       211,       289,       211,       180
344,      427,       211,       217,       258,       478,       233,       211,       289,       211,       195
341,      426,       211,       217,       258,       478,       233,       211,       289,       210,       170
342,      426,       210,       217,       258,       478,       232,       211,       289,       210,       165
343,      427,       211,       217,       259,       479,       233,       211,       290,       212,       210
343,      428,       211,       217,       259,       479,       233,       211,       290,       211,       210
343,      427,       211,       218,       258,       478,       233,       211,       289,       211,       195
343,      428,       211,       217,       258,       478,       233,       211,       289,       211,       195
343,      428,       211,       217,       260,       479,       234,       211,       290,       211,       220
343,      428,       211,       217,       258,       478,       233,       211,       289,       211,       195
343,      428,       211,       217,       258,       478,       233,       211,       290,       211,       200
343,      429,       211,       217,       259,       479,       234,       211,       290,       211,       220
343,      429,       211,       217,       259,       477,       232,       211,       290,       211,       200
344,      428,       211,       217,       258,       478,       233,       211,       289,       211,       200
344,      429,       211,       217,       259,       478,       233,       211,       290,       211,       215
343,      428,       211,       217,       259,       479,       233,       211,       290,       210,       205
343,      429,       211,       217,       258,       478,       232,       212,       289,       210,       195
345,      430,       211,       217,       259,       478,       233,       211,       290,       211,       225
345,      430,       211,       217,       259,       478,       233,       211,       290,       211,       225
344,      428,       211,       217,       258,       479,       232,       211,       290,       211,       205
345,      429,       211,       217,       258,       478,       232,       211,       289,       211,       205
345,      430,       211,       217,       259,       479,       234,       211,       290,       211,       235
345,      430,       210,       217,       259,       478,       233,       211,       289,       211,       215
345,      429,       211,       217,       258,       479,       233,       211,       289,       212,       220
346,      431,       210,       217,       259,       479,       234,       211,       289,       211,       235
345,      430,       211,       217,       259,       478,       232,       211,       289,       210,       210
344,      430,       211,       217,       259,       478,       233,       211,       289,       210,       210
346,      431,       210,       217,       259,       477,       234,       211,       289,       211,       225
345,      430,       211,       217,       258,       478,       234,       211,       291,       210,       225
345,      430,       210,       217,       258,       477,       232,       211,       289,       211,       200
346,      431,       211,       217,       259,       478,       233,       211,       290,       210,       230
346,      431,       211,       217,       259,       479,       234,       211,       290,       210,       240
345,      431,       211,       218,       258,       478,       233,       211,       289,       210,       220
345,      431,       211,       218,       259,       478,       232,       211,       289,       211,       225
347,      432,       211,       217,       260,       479,       233,       211,       290,       210,       250
345,      431,       210,       217,       259,       478,       233,       211,       290,       211,       225
345,      430,       211,       218,       258,       478,       232,       211,       290,       210,       215
346,      431,       211,       218,       259,       478,       233,       211,       290,       210,       235
345,      432,       211,       217,       259,       478,       233,       211,       290,       211,       235
346,      431,       211,       218,       258,       478,       234,       211,       289,       211,       235
346,      432,       210,       218,       259,       478,       234,       211,       289,       211,       240
347,      432,       211,       218,       259,       478,       234,       211,       290,       211,       255
346,      431,       211,       218,       258,       477,       233,       211,       288,       213,       230
345,      431,       210,       218,       258,       478,       233,       212,       289,       214,       240
348,      432,       210,       218,       258,       478,       233,       211,       290,       211,       245
347,      432,       211,       217,       258,       478,       233,       211,       290,       210,       235
345,      431,       211,       218,       258,       477,       233,       211,       289,       212,       225
348,      433,       211,       218,       258,       478,       233,       211,       290,       211,       255
348,      432,       211,       218,       259,       478,       234,       211,       290,       210,       255
346,      433,       211,       218,       258,       477,       232,       211,       289,       210,       225
346,      432,       211,       218,       258,       477,       232,       211,       289,       211,       225
348,      433,       211,       218,       259,       477,       234,       211,       290,       211,       260
347,      433,       211,       217,       260,       478,       233,       212,       290,       211,       260
346,      433,       211,       218,       258,       477,       232,       211,       289,       217,       260
347,      433,       211,       218,       259,       478,       233,       211,       289,       210,       245
348,      434,       211,       218,       259,       478,       233,       211,       290,       211,       265
346,      432,       211,       218,       258,       478,       233,       211,       290,       210,       235
348,      432,       211,       218,       258,       476,       233,       211,       289,       211,       235
348,      433,       210,       218,       259,       477,       234,       211,       290,       210,       250
346,      433,       211,       218,       258,       477,       233,       211,       289,       210,       230
347,      432,       210,       218,       258,       477,       233,       211,       290,       210,       230
348,      434,       211,       218,       259,       478,       234,       211,       290,       210,       265
348,      434,       211,       218,       259,       477,       234,       211,       290,       210,       260
348,      433,       211,       218,       258,       477,       233,       211,       289,       211,       245
348,      433,       211,       218,       257,       477,       233,       211,       290,       211,       245
348,      433,       211,       218,       259,       477,       234,       211,       290,       211,       260
347,      434,       211,       218,       258,       476,       233,       211,       290,       210,       240
347,      433,       211,       218,       258,       476,       233,       211,       289,       211,       235
348,      434,       211,       218,       259,       476,       233,       211,       290,       210,       250
348,      434,       211,       218,       259,       476,       233,       211,       290,       211,       255
347,      433,       211,       218,       258,       476,       232,       211,       289,       210,       225
347,      433,       211,       218,       258,       476,       233,       211,       289,       210,       230
349,      434,       211,       218,       258,       476,       234,       211,       290,       211,       260
348,      434,       211,       218,       258,       476,       233,       211,       290,       210,       245
347,      434,       211,       218,       259,       476,       232,       212,       289,       215,       265
349,      435,       210,       218,       257,       476,       233,       211,       290,       212,       255
347,      434,       211,       218,       259,       476,       233,       211,       289,       211,       245
348,      434,       210,       218,       257,       475,       233,       211,       289,       211,       230
348,      434,       211,       218,       258,       476,       234,       211,       290,       210,       250
349,      435,       210,       218,       258,       475,       233,       211,       290,       210,       245
347,      434,       211,       218,       257,       475,       233,       211,       289,       211,       230
349,      435,       210,       218,       258,       476,       232,       211,       289,       212,       250
349,      434,       211,       218,       258,       476,       234,       211,       291,       211,       265
347,      434,       211,       218,       258,       475,       232,       211,       289,       214,       245
347,      434,       211,       218,       257,       476,       232,       211,       289,       211,       230
349,      435,       211,       218,       259,       476,       233,       211,       290,       210,       260
348,      434,       211,       218,       257,       476,       234,       211,       290,       210,       245
348,      436,       210,       218,       258,       476,       232,       211,       289,       210,       240
348,      435,       210,       219,       257,       476,       234,       211,       290,       211,       255
349,      435,       210,       218,       258,       475,       233,       211,       289,       210,       240
350,      435,       211,       219,       258,       476,       234,       211,       290,       211,       275
348,      436,       211,       218,       258,       476,       233,       211,       290,       212,       265
349,      435,       211,       218,       258,       476,       233,       211,       289,       213,       265
349,      436,       211,       218,       258,       476,       234,       211,       289,       211,       265
350,      436,       211,       218,       258,       476,       233,       211,       290,       211,       270
348,      435,       211,       218,       258,       476,       233,       211,       290,       215,       275
351,      437,       211,       218,       258,       475,       233,       211,       289,       211,       270
350,      437,       211,       219,       259,       476,       234,       211,       290,       211,       290
350,      436,       211,       219,       258,       476,       234,       211,       290,       210,       275
348,      436,       210,       219,       258,       476,       233,       211,       289,       211,       255
350,      437,       211,       219,       258,       477,       234,       211,       290,       210,       285
350,      437,       210,       218,       259,       478,       234,       210,       290,       211,       285
349,      436,       211,       218,       258,       477,       233,       211,       289,       212,       270
349,      436,       211,       218,       259,       477,       233,       211,       290,       211,       275
350,      437,       211,       218,       258,       478,       234,       211,       291,       211,       295
348,      437,       211,       218,       259,       478,       233,       211,       290,       210,       275
350,      437,       211,       218,       259,       478,       233,       211,       290,       210,       285
349,      438,       211,       218,       260,       478,       234,       211,       290,       210,       295
351,      437,       211,       219,       258,       477,       234,       211,       290,       211,       295
351,      436,       210,       219,       258,       478,       234,       211,       290,       211,       290
351,      438,       211,       219,       259,       479,       234,       210,       291,       210,       310
350,      437,       211,       218,       258,       477,       233,       211,       290,       210,       275
349,      437,       211,       218,       258,       478,       233,       211,       290,       211,       280
352,      437,       211,       218,       259,       479,       234,       211,       291,       211,       315
349,      438,       211,       218,       259,       477,       234,       211,       290,       211,       290
350,      437,       211,       219,       258,       478,       233,       211,       290,       211,       290
350,      437,       211,       219,       259,       478,       234,       212,       291,       210,       305
352,      438,       211,       219,       259,       478,       234,       211,       291,       211,       320
349,      438,       211,       219,       259,       477,       234,       211,       290,       211,       295
351,      438,       211,       219,       259,       478,       235,       211,       291,       211,       320
352,      438,       211,       218,       259,       478,       234,       211,       291,       210,       310
350,      438,       211,       219,       259,       478,       233,       211,       290,       212,       305
352,      439,       211,       219,       259,       477,       234,       211,       291,       215,       340
350,      439,       211,       219,       260,       478,       234,       212,       290,       210,       315
350,      438,       211,       219,       258,       478,       233,       211,       291,       210,       295
349,      438,       211,       219,       259,       478,       234,       211,       290,       211,       300
351,      439,       211,       219,       259,       479,       233,       211,       292,       211,       325
350,      438,       211,       219,       259,       479,       234,       211,       291,       211,       315
350,      439,       211,       219,       260,       478,       233,       211,       290,       212,       315
352,      439,       211,       219,       258,       479,       234,       211,       291,       214,       340
350,      439,       211,       219,       259,       479,       234,       211,       291,       211,       320
350,      438,       211,       219,       258,       478,       234,       211,       290,       211,       300
352,      440,       211,       219,       260,       478,       234,       211,       291,       210,       330
351,      440,       211,       219,       259,       478,       235,       211,       291,       211,       330
351,      439,       211,       219,       258,       477,       233,       211,       290,       211,       300
352,      439,       210,       219,       258,       477,       234,       211,       291,       211,       310
351,      439,       211,       219,       259,       478,       234,       211,       290,       211,       315
351,      440,       211,       219,       258,       478,       233,       211,       291,       210,       310
351,      440,       211,       219,       259,       477,       234,       211,       290,       211,       315
352,      440,       211,       219,       259,       477,       233,       211,       291,       211,       320
350,      440,       211,       219,       259,       477,       233,       211,       290,       210,       300
352,      440,       211,       219,       259,       477,       233,       211,       290,       211,       315
352,      440,       211,       219,       259,       477,       235,       211,       291,       211,       330
351,      440,       211,       219,       258,       476,       232,       211,       290,       213,       305
351,      439,       211,       219,       258,       477,       234,       211,       290,       211,       305
352,      440,       212,       219,       259,       478,       234,       211,       292,       210,       335
350,      440,       211,       219,       259,       477,       233,       211,       291,       210,       305
351,      441,       210,       219,       259,       476,       233,       211,       290,       210,       300
352,      440,       211,       219,       259,       477,       234,       211,       291,       210,       320
351,      439,       211,       220,       258,       476,       235,       211,       290,       213,       320
350,      440,       211,       219,       258,       476,       233,       211,       290,       214,       310
352,      440,       211,       220,       259,       477,       235,       211,       291,       211,       335
352,      440,       210,       219,       259,       477,       235,       211,       291,       212,       330
350,      440,       211,       219,       259,       477,       233,       211,       290,       212,       310
353,      440,       211,       219,       258,       478,       234,       211,       291,       211,       330
353,      441,       211,       220,       259,       477,       234,       211,       291,       210,       335
351,      440,       210,       219,       259,       477,       235,       211,       291,       211,       320
352,      440,       211,       219,       258,       477,       233,       211,       292,       211,       320
351,      440,       211,       219,       258,       478,       234,       211,       292,       212,       330
353,      441,       211,       219,       259,       477,       234,       211,       291,       211,       335
350,      440,       211,       219,       259,       477,       234,       211,       291,       210,       310
352,      441,       211,       219,       258,       477,       233,       211,       290,       211,       315
353,      441,       211,       220,       259,       478,       234,       211,       292,       211,       350
353,      441,       210,       219,       259,       478,       234,       211,       290,       211,       330
351,      440,       211,       219,       258,       478,       234,       211,       290,       215,       335
352,      440,       211,       219,       259,       479,       234,       211,       291,       216,       360
353,      441,       211,       220,       258,       478,       234,       211,       291,       211,       340
351,      441,       211,       219,       258,       478,       233,       211,       291,       211,       320
353,      442,       211,       220,       259,       478,       234,       211,       291,       211,       350
353,      442,       211,       219,       260,       478,       235,       211,       291,       210,       350
352,      441,       211,       219,       258,       478,       234,       211,       290,       211,       325
351,      441,       211,       220,       258,       478,       234,       211,       291,       211,       330
353,      442,       211,       220,       260,       478,       234,       212,       291,       211,       360
352,      442,       211,       219,       258,       478,       233,       211,       291,       211,       330
352,      441,       211,       220,       259,       479,       233,       211,       291,       211,       340
353,      443,       211,       220,       259,       478,       235,       211,       292,       211,       365
352,      441,       210,       220,       260,       479,       234,       211,       291,       210,       340
353,      443,       211,       219,       258,       479,       234,       211,       291,       213,       360
354,      443,       211,       220,       260,       479,       235,       211,       291,       210,       370
353,      442,       210,       219,       259,       478,       234,       211,       291,       210,       335
353,      442,       211,       220,       258,       479,       234,       211,       291,       211,       350
354,      443,       211,       220,       259,       478,       234,       211,       291,       215,       380
353,      442,       211,       220,       260,       479,       234,       211,       292,       210,       360
352,      442,       211,       220,       258,       478,       234,       211,       291,       211,       340
352,      442,       210,       220,       259,       478,       234,       211,       291,       211,       340
355,      443,       211,       219,       259,       478,       234,       211,       291,       214,       375
353,      443,       211,       220,       258,       478,       234,       211,       291,       213,       360
353,      443,       211,       220,       259,       478,       234,       211,       290,       214,       365
354,      443,       211,       220,       259,       478,       235,       211,       292,       211,       370
353,      442,       211,       220,       259,       478,       234,       211,       291,       210,       345
354,      443,       211,       220,       258,       477,       234,       211,       291,       211,       350
353,      443,       211,       219,       259,       478,       235,       211,       291,       211,       355
353,      444,       211,       220,       259,       477,       233,       211,       290,       210,       340
352,      443,       211,       220,       258,       477,       234,       211,       290,       212,       340
354,      444,       211,       220,       259,       477,       234,       211,       292,       211,       365
353,      443,       211,       220,       259,       477,       234,       211,       291,       212,       355
353,      443,       211,       220,       258,       476,       233,       211,       290,       210,       325
353,      444,       211,       220,       258,       477,       235,       211,       292,       210,       355
354,      444,       211,       220,       259,       477,       233,       212,       291,       217,       390
353,      443,       211,       220,       258,       476,       234,       211,       290,       210,       330
354,      444,       211,       220,       259,       476,       234,       211,       290,       210,       345
354,      444,       211,       220,       258,       477,       234,       211,       291,       211,       355
353,      444,       211,       220,       258,       476,       233,       211,       290,       211,       335
353,      444,       211,       220,       258,       476,       233,       211,       291,       225,       410
355,      444,       211,       220,       259,       476,       234,       211,       291,       214,       375
354,      444,       211,       220,       258,       477,       234,       211,       292,       211,       360
353,      444,       211,       219,       258,       476,       233,       211,       291,       211,       335
355,      444,       211,       220,       259,       477,       235,       211,       291,       215,       390
353,      444,       211,       220,       259,       476,       234,       211,       291,       211,       350
353,      444,       211,       220,       258,       476,       233,       211,       291,       210,       335
353,      444,       211,       220,       259,       477,       234,       211,       291,       211,       355
353,      444,       211,       220,       258,       476,       234,       211,       290,       213,       350
353,      444,       211,       220,       257,       476,       233,       211,       290,       211,       330
355,      444,       211,       220,       258,       477,       235,       211,       290,       211,       360
355,      445,       211,       220,       258,       477,       234,       211,       291,       211,       365
353,      445,       211,       220,       258,       477,       234,       211,       291,       211,       355
353,      444,       211,       220,       258,       477,       233,       211,       291,       213,       355
354,      445,       211,       221,       259,       478,       235,       211,       292,       211,       385
355,      445,       211,       220,       259,       477,       234,       211,       292,       211,       375
353,      445,       211,       220,       258,       477,       234,       211,       291,       211,       355
355,      446,       211,       220,       259,       477,       233,       211,       291,       210,       365
355,      445,       211,       220,       258,       478,       235,       211,       291,       211,       375
354,      445,       210,       221,       258,       476,       233,       211,       290,       211,       345
356,      446,       211,       220,       258,       478,       234,       211,       292,       210,       380
355,      446,       211,       221,       259,       478,       234,       211,       292,       210,       385
354,      446,       211,       220,       259,       477,       234,       211,       291,       213,       380
354,      446,       211,       221,       259,       478,       233,       211,       291,       210,       370
355,      446,       211,       220,       259,       477,       234,       211,       291,       211,       375
354,      446,       211,       220,       259,       477,       234,       211,       291,       211,       370
354,      445,       212,       220,       258,       477,       233,       211,       291,       210,       355
355,      446,       211,       220,       259,       477,       234,       211,       292,       211,       380
356,      446,       210,       220,       260,       477,       234,       211,       292,       212,       390
354,      446,       211,       221,       257,       477,       235,       211,       290,       210,       360
355,      446,       211,       220,       258,       477,       233,       211,       291,       211,       365
355,      446,       211,       220,       259,       477,       235,       211,       291,       210,       375
355,      446,       211,       220,       258,       476,       234,       211,       291,       210,       360
354,      445,       211,       221,       258,       476,       234,       211,       291,       210,       355
355,      446,       211,       221,       258,       475,       234,       211,       291,       211,       365
355,      446,       211,       221,       258,       476,       234,       211,       291,       210,       365
355,      446,       211,       221,       257,       475,       233,       211,       291,       211,       355
356,      446,       211,       221,       259,       476,       234,       212,       291,       210,       380
356,      446,       211,       221,       258,       476,       233,       211,       291,       211,       370
355,      446,       211,       221,       258,       476,       234,       211,       291,       211,       370
354,      446,       211,       221,       257,       475,       233,       211,       290,       211,       345
354,      446,       211,       221,       258,       476,       234,       211,       290,       211,       360
355,      446,       211,       221,       259,       476,       234,       211,       290,       210,       365
354,      446,       210,       221,       258,       476,       234,       211,       291,       211,       360
355,      446,       211,       221,       258,       475,       233,       211,       291,       210,       355
356,      446,       211,       221,       258,       476,       234,       211,       291,       210,       370
354,      446,       211,       221,       258,       475,       234,       211,       290,       210,       350
353,      446,       211,       221,       257,       475,       233,       211,       290,       210,       335
355,      447,       211,       221,       258,       476,       234,       211,       292,       210,       375
356,      447,       211,       221,       258,       475,       235,       211,       291,       215,       400
354,      446,       211,       221,       257,       474,       233,       211,       290,       210,       335
355,      446,       211,       221,       257,       474,       234,       211,       291,       211,       355
356,      446,       211,       221,       258,       475,       235,       211,       291,       211,       375
355,      445,       211,       221,       258,       474,       233,       211,       291,       210,       345
354,      446,       211,       221,       258,       474,       234,       212,       291,       211,       360
356,      446,       211,       222,       258,       475,       233,       211,       291,       211,       370
355,      447,       211,       221,       258,       475,       235,       211,       291,       211,       375
354,      446,       211,       221,       257,       475,       233,       211,       290,       210,       340
354,      446,       211,       221,       258,       475,       233,       211,       290,       210,       345
356,      447,       211,       222,       258,       475,       234,       211,       291,       211,       380
355,      446,       211,       221,       258,       476,       234,       211,       291,       211,       370
354,      447,       211,       221,       258,       475,       233,       211,       291,       211,       360
355,      446,       211,       221,       258,       476,       234,       211,       291,       211,       370
354,      447,       211,       221,       258,       476,       234,       211,       290,       213,       375
354,      446,       211,       221,       257,       475,       233,       211,       291,       211,       350
355,      446,       211,       221,       258,       477,       234,       211,       292,       211,       380
356,      447,       211,       221,       259,       476,       234,       211,       291,       211,       385
354,      446,       211,       222,       257,       475,       234,       211,       290,       211,       355
356,      447,       211,       221,       257,       475,       233,       211,       291,       210,       360
356,      447,       211,       221,       259,       476,       234,       211,       292,       211,       390
356,      447,       211,       221,       258,       476,       234,       211,       292,       211,       385
355,      447,       211,       221,       258,       476,       234,       211,       291,       222,       430
356,      448,       211,       221,       259,       476,       234,       211,       291,       217,       420
356,      447,       211,       221,       259,       477,       234,       211,       291,       210,       385
354,      447,       211,       221,       258,       476,       233,       211,       290,       211,       360
354,      446,       211,       221,       258,       476,       234,       211,       291,       211,       365
356,      448,       211,       222,       259,       477,       235,       211,       291,       211,       405
356,      447,       211,       221,       259,       476,       234,       211,       292,       211,       390
355,      447,       211,       221,       257,       476,       233,       211,       292,       211,       370
355,      447,       211,       222,       258,       477,       234,       211,       292,       211,       390
355,      448,       211,       221,       259,       477,       234,       211,       292,       211,       395
355,      447,       211,       221,       257,       476,       233,       211,       292,       210,       365
355,      447,       211,       221,       258,       477,       235,       211,       291,       210,       380
356,      447,       211,       222,       258,       478,       234,       211,       292,       210,       395
355,      447,       211,       221,       258,       477,       234,       211,       291,       211,       380
355,      447,       210,       221,       258,       477,       233,       211,       291,       211,       370
357,      448,       212,       222,       259,       478,       234,       211,       292,       211,       420
356,      448,       211,       221,       259,       477,       235,       211,       292,       210,       400
354,      447,       211,       222,       258,       477,       233,       211,       291,       210,       370
355,      448,       211,       222,       258,       477,       233,       211,       291,       210,       380
356,      448,       211,       222,       259,       478,       235,       211,       292,       211,       415
354,      447,       211,       221,       258,       477,       234,       211,       291,       215,       395
356,      448,       211,       221,       258,       477,       234,       211,       292,       211,       395
357,      448,       211,       222,       259,       478,       235,       211,       292,       211,       420
357,      448,       211,       222,       258,       478,       234,       211,       292,       211,       410
355,      448,       211,       222,       259,       477,       234,       212,       292,       212,       410
356,      448,       210,       222,       259,       477,       234,       211,       292,       214,       415
356,      448,       211,       222,       258,       478,       235,       211,       292,       211,       410
354,      448,       211,       221,       258,       478,       233,       211,       292,       211,       385
357,      449,       211,       222,       259,       477,       235,       211,       292,       211,       420
356,      449,       211,       222,       259,       478,       235,       211,       292,       210,       415
355,      449,       211,       222,       259,       477,       233,       212,       291,       211,       400
356,      448,       211,       222,       258,       478,       234,       211,       292,       211,       405
357,      449,       211,       222,       259,       478,       235,       211,       292,       211,       425
356,      449,       211,       222,       260,       478,       235,       211,       292,       210,       420
356,      448,       211,       222,       258,       478,       234,       211,       291,       211,       400
355,      449,       211,       222,       259,       479,       235,       211,       292,       212,       425
357,      449,       211,       222,       259,       479,       235,       211,       292,       210,       425
355,      448,       211,       222,       259,       478,       234,       211,       291,       210,       395
356,      449,       211,       222,       260,       479,       234,       211,       292,       211,       425
357,      449,       211,       222,       259,       479,       234,       211,       293,       213,       440
356,      448,       211,       222,       259,       479,       235,       211,       292,       211,       420
