0,        1,         2,         3,         4,         5,         6,         7,         8,         9,         "T"
399,10,-62,117,
88,       111,       107,       112,       508,       173,       125,       47,        135,       46,        0
87,       112,       107,       111,       508,       174,       125,       47,        135,       47,        0
86,       112,       108,       111,       508,       175,       125,       47,        135,       47,        0
87,       111,       107,       111,       508,       173,       124,       48,        135,       46,        0
86,       111,       107,       111,       508,       173,       126,       47,        136,       46,        0
87,       111,       108,       111,       508,       173,       125,       48,        135,       46,        0
86,       112,       107,       110,       508,       173,       124,       47,        134,       47,        0
86,       112,       107,       111,       508,       174,       125,       48,        134,       47,        0
86,       111,       107,       111,       507,       173,       126,       46,        136,       47,        0
86,       110,       106,       110,       508,       174,       124,       47,        135,       45,        0
85,       110,       107,       112,       505,       173,       125,       46,        136,       46,        0
85,       112,       108,       111,       506,       174,       124,       46,        135,       46,        0
85,       112,       107,       111,       506,       174,       125,       47,        134,       47,        0
85,       112,       107,       110,       507,       173,       123,       47,        134,       46,        0
86,       110,       107,       111,       507,       171,       124,       47,        134,       46,        0
86,       111,       107,       111,       505,       173,       125,       47,        135,       47,        0
85,       111,       107,       111,       506,       172,       125,       46,        133,       47,        0
85,       112,       107,       110,       506,       173,       126,       46,        134,       47,        0
86,       111,       107,       111,       506,       173,       125,       47,        134,       46,        0
85,       111,       106,       112,       506,       172,       126,       46,        134,       47,        0
86,       109,       106,       111,       506,       172,       124,       47,        134,       46,        0
86,       111,       106,       109,       505,       172,       123,       46,        133,       45,        -50
85,       109,       105,       110,       505,       170,       124,       46,        133,       44,        -75
86,       110,       105,       110,       505,       172,       123,       46,        133,       45,        -55
85,       110,       105,       111,       505,       171,       122,       46,        133,       44,        -70
85,       110,       106,       110,       504,       172,       124,       46,        134,       45,        -50
85,       109,       105,       110,       506,       171,       123,       46,        132,       45,        -70
84,       110,       106,       109,       504,       172,       124,       46,        134,       45,        -60
85,       110,       106,       111,       505,       173,       124,       45,        134,       45,        -40
84,       111,       106,       110,       504,       172,       124,       45,        134,       46,        -50
84,       111,       106,       111,       505,       172,       125,       46,        133,       46,        -35
84,       109,       106,       110,       504,       171,       123,       47,        132,       45,        -75
85,       111,       106,       110,       505,       171,       124,       45,        134,       45,        -50
84,       111,       106,       109,       504,       171,       124,       47,        133,       46,        -55
85,       109,       106,       111,       503,       170,       125,       46,        132,       46,        -65
85,       110,       105,       109,       506,       172,       124,       46,        134,       44,        -55
86,       111,       107,       111,       504,       172,       125,       46,        134,       46,        -20
85,       112,       107,       110,       505,       173,       126,       47,        135,       47,        5
87,       111,       106,       112,       505,       173,       126,       47,        135,       46,        10
86,       112,       107,       111,       504,       173,       125,       47,        134,       46,        -5
86,       111,       106,       112,       506,       173,       125,       47,        135,       46,        5
85,       111,       108,       111,       506,       172,       124,       48,        134,       46,        -5
86,       110,       108,       111,       504,       173,       125,       48,        135,       46,        0
87,       111,       106,       112,       505,       172,       126,       47,        136,       45,        5
85,       110,       108,       111,       504,       173,       125,       47,        135,       46,        -10
86,       113,       107,       112,       505,       173,       126,       47,        135,       47,        25
86,       111,       108,       111,       505,       173,       125,       48,        134,       46,        5
86,       111,       107,       111,       504,       173,       126,       47,        135,       47,        5
86,       111,       107,       112,       506,       173,       127,       48,        136,       46,        30
86,       111,       107,       112,       505,       173,       124,       47,        135,       47,        5
87,       111,       108,       111,       505,       174,       127,       46,        136,       47,        30
86,       112,       107,       112,       506,       173,       125,       48,        135,       46,        20
85,       113,       107,       112,       505,       173,       127,       47,        135,       48,        30
87,       113,       108,       112,       506,       174,       126,       47,        136,       46,        45
85,       111,       108,       111,       506,       174,       125,       47,        136,       46,        15
87,       111,       107,       111,       507,       175,       126,       47,        136,       46,        35
85,       111,       107,       111,       507,       174,       125,       47,        135,       46,        10
87,       112,       107,       111,       508,       175,       126,       47,        136,       46,        45
85,       112,       108,       112,       508,       174,       127,       47,        136,       47,        50
87,       111,       107,       111,       508,       176,       125,       47,        136,       46,        40
86,       113,       108,       111,       510,       175,       126,       47,        135,       47,        60
87,       110,       107,       111,       510,       175,       126,       47,        136,       46,        45
85,       113,       106,       111,       511,       175,       126,       47,        136,       47,        55
86,       111,       107,       112,       511,       173,       126,       48,        136,       46,        50
85,       111,       108,       110,       511,       175,       126,       48,        136,       45,        45
85,       112,       108,       110,       513,       176,       126,       47,        136,       46,        65
85,       111,       107,       111,       513,       175,       126,       47,        137,       46,        60
85,       111,       107,       112,       514,       176,       127,       47,        136,       46,        75
86,       112,       108,       111,       514,       175,       126,       47,        136,       46,        75
87,       112,       106,       112,       515,       175,       127,       46,        137,       46,        85
85,       112,       106,       112,       515,       176,       127,       46,        137,       46,        80
86,       111,       107,       111,       515,       176,       127,       47,        136,       47,        85
86,       112,       108,       111,       516,       177,       127,       47,        138,       46,        110
87,       112,       107,       112,       517,       177,       127,       47,        139,       46,        125
87,       111,       107,       112,       516,       176,       127,       46,        138,       45,        95
87,       113,       108,       110,       519,       177,       127,       47,        138,       46,        130
85,       112,       107,       111,       518,       176,       126,       48,        137,       45,        95
86,       111,       106,       111,       520,       177,       127,       47,        138,       45,        110
87,       112,       107,       112,       519,       176,       127,       48,        138,       46,        130
85,       112,       108,       112,       519,       177,       128,       48,        137,       47,        135
87,       114,       110,       112,       520,       179,       130,       48,        141,       47,        210
88,       113,       109,       112,       520,       179,       129,       48,        139,       47,        190
87,       114,       108,       113,       520,       179,       130,       47,        140,       48,        200
87,       113,       108,       113,       522,       179,       128,       47,        140,       46,        185
86,       114,       108,       112,       521,       178,       128,       48,        139,       47,        175
88,       114,       109,       114,       521,       179,       130,       48,        140,       47,        220
88,       113,       108,       114,       521,       179,       129,       49,        139,       46,        200
87,       115,       110,       115,       522,       179,       130,       49,        141,       47,        245
87,       114,       110,       114,       521,       179,       131,       49,        140,       47,        230
86,       114,       108,       113,       521,       179,       129,       49,        140,       47,        200
87,       114,       110,       113,       523,       180,       130,       48,        141,       47,        235
87,       114,       109,       114,       520,       180,       132,       48,        140,       48,        230
86,       115,       109,       113,       523,       179,       131,       48,        140,       47,        225
87,       114,       109,       115,       522,       179,       131,       48,        141,       47,        235
88,       115,       109,       115,       521,       179,       132,       48,        141,       47,        245
88,       115,       109,       114,       524,       180,       130,       48,        142,       46,        250
87,       113,       110,       114,       522,       178,       129,       48,        140,       46,        205
86,       114,       109,       113,       522,       179,       132,       48,        140,       47,        220
87,       114,       110,       113,       523,       181,       131,       48,        140,       48,        245
89,       117,       111,       116,       523,       181,       133,       49,        142,       49,        320
89,       116,       110,       114,       523,       181,       131,       48,        143,       47,        280
87,       116,       110,       114,       522,       181,       131,       48,        141,       47,        255
88,       115,       110,       115,       522,       180,       132,       49,        142,       47,        270
88,       116,       110,       115,       524,       181,       132,       50,        142,       48,        300
88,       117,       111,       114,       523,       181,       132,       49,        141,       48,        290
89,       116,       111,       116,       524,       181,       132,       50,        143,       48,        320
89,       115,       110,       117,       523,       181,       132,       49,        143,       47,        300
89,       116,       111,       116,       523,       181,       132,       49,        143,       49,        315
88,       117,       111,       116,       524,       181,       133,       50,        144,       48,        330
88,       116,       111,       116,       523,       181,       134,       49,        141,       48,        305
90,       117,       111,       116,       525,       181,       133,       50,        144,       47,        340
89,       115,       110,       117,       523,       182,       132,       49,        143,       47,        305
88,       118,       111,       115,       523,       181,       132,       49,        143,       48,        310
89,       116,       110,       116,       524,       180,       133,       50,        144,       47,        315
87,       116,       110,       116,       523,       180,       133,       48,        141,       48,        280
88,       117,       110,       115,       523,       180,       133,       48,        142,       47,        285
88,       115,       109,       116,       523,       180,       132,       48,        142,       47,        270
88,       118,       110,       115,       523,       180,       132,       48,        142,       47,        285
88,       117,       110,       115,       524,       179,       133,       49,        142,       47,        290
88,       116,       111,       114,       522,       181,       132,       48,        144,       46,        280
89,       117,       111,       116,       523,       181,       133,       49,        144,       47,        320
90,       116,       111,       118,       522,       183,       133,       49,        144,       47,        335
89,       118,       113,       117,       523,       182,       134,       50,        144,       48,        360
87,       116,       111,       117,       522,       180,       135,       48,        143,       47,        300
88,       117,       111,       117,       522,       181,       134,       48,        142,       49,        315
89,       117,       111,       116,       522,       181,       133,       49,        145,       47,        320
88,       116,       112,       117,       522,       181,       133,       50,        143,       47,        315
89,       117,       112,       116,       522,       182,       133,       50,        144,       48,        335
89,       115,       113,       118,       522,       182,       135,       47,        144,       46,        325
90,       118,       114,       118,       523,       183,       135,       50,        145,       48,        390
88,       117,       112,       115,       523,       180,       133,       49,        143,       48,        310
87,       116,       112,       116,       521,       180,       134,       48,        142,       47,        285
89,       117,       111,       116,       522,       182,       133,       49,        144,       46,        315
88,       117,       111,       117,       524,       180,       133,       49,        143,       47,        315
88,       118,       113,       117,       522,       183,       134,       49,        145,       47,        350
89,       116,       112,       116,       525,       181,       134,       49,        145,       46,        335
87,       117,       111,       116,       525,       181,       134,       48,        143,       46,        310
89,       117,       111,       116,       525,       181,       134,       48,        144,       47,        330
90,       116,       112,       117,       523,       181,       135,       47,        144,       46,        325
89,       117,       111,       117,       524,       182,       134,       47,        144,       46,        325
89,       117,       111,       117,       524,       181,       134,       48,        145,       46,        330
87,       117,       111,       116,       525,       179,       134,       48,        143,       46,        300
89,       117,       112,       116,       524,       182,       134,       48,        144,       45,        325
87,       115,       112,       117,       524,       180,       134,       47,        144,       46,        300
87,       116,       112,       116,       525,       181,       134,       46,        144,       46,        305
88,       117,       110,       116,       524,       180,       134,       46,        144,       46,        295
87,       116,       111,       116,       524,       181,       135,       47,        143,       46,        300
90,       117,       111,       117,       525,       180,       135,       47,        145,       45,        330
89,       117,       111,       117,       525,       179,       134,       47,        144,       45,        310
87,       116,       111,       117,       527,       180,       134,       48,        144,       45,        315
89,       118,       111,       117,       525,       179,       135,       47,        146,       46,        335
89,       116,       111,       118,       526,       179,       135,       46,        145,       46,        325
89,       117,       111,       117,       528,       180,       134,       48,        145,       46,        345
87,       115,       113,       117,       525,       181,       134,       47,        145,       46,        320
88,       118,       113,       117,       526,       181,       135,       47,        145,       45,        345
88,       118,       112,       117,       526,       180,       136,       48,        145,       46,        350
89,       117,       112,       119,       526,       179,       134,       48,        145,       45,        340
89,       119,       112,       118,       527,       180,       136,       48,        145,       47,        375
90,       118,       112,       119,       526,       180,       137,       48,        145,       47,        380
89,       118,       113,       118,       526,       182,       136,       47,        146,       46,        375
90,       118,       112,       119,       527,       181,       136,       48,        146,       46,        385
90,       118,       113,       120,       526,       180,       136,       48,        145,       46,        380
90,       119,       114,       119,       526,       182,       137,       47,        147,       46,        405
90,       118,       114,       119,       526,       180,       137,       48,        147,       46,        395
90,       120,       114,       119,       528,       181,       137,       48,        146,       46,        415
90,       119,       113,       120,       527,       181,       137,       48,        148,       46,        415
91,       118,       113,       120,       526,       181,       136,       49,        147,       46,        405
92,       120,       113,       120,       529,       181,       138,       48,        148,       46,        445
89,       119,       115,       120,       527,       182,       138,       48,        147,       47,        430
90,       118,       114,       119,       528,       182,       137,       49,        147,       46,        420
91,       119,       113,       121,       528,       182,       137,       48,        147,       46,        430
89,       120,       116,       119,       528,       182,       137,       49,        147,       47,        440
90,       121,       113,       119,       528,       181,       137,       48,        147,       47,        425
89,       119,       115,       119,       526,       182,       137,       48,        148,       46,        415
89,       120,       114,       119,       528,       182,       137,       48,        147,       47,        425
91,       119,       114,       121,       527,       181,       136,       49,        148,       45,        425
89,       118,       115,       120,       526,       181,       138,       48,        147,       46,        410
91,       120,       114,       120,       528,       182,       137,       49,        147,       47,        445
90,       118,       115,       120,       526,       181,       138,       48,        148,       46,        420
90,       121,       114,       121,       527,       181,       138,       48,        147,       47,        440
91,       120,       114,       121,       526,       181,       138,       48,        148,       46,        435
91,       120,       114,       121,       527,       181,       138,       48,        148,       46,        440
90,       121,       114,       120,       528,       182,       138,       48,        148,       47,        450
90,       120,       114,       121,       528,       180,       137,       49,        147,       46,        430
91,       119,       115,       120,       527,       182,       138,       48,        149,       45,        440
91,       120,       114,       121,       527,       181,       138,       47,        148,       46,        435
90,       119,       117,       120,       527,       181,       138,       49,        147,       46,        440
91,       120,       116,       121,       527,       183,       139,       48,        148,       47,        470
91,       120,       117,       121,       527,       182,       138,       49,        149,       46,        470
92,       121,       116,       121,       529,       182,       139,       49,        149,       46,        490
92,       121,       117,       121,       528,       181,       139,       49,        148,       46,        480
91,       121,       115,       122,       527,       182,       139,       48,        149,       46,        470
91,       122,       115,       122,       529,       182,       139,       49,        149,       47,        495
91,       120,       116,       122,       527,       182,       139,       48,        148,       48,        475
92,       121,       117,       122,       527,       182,       139,       49,        149,       46,        490
92,       122,       117,       122,       527,       181,       139,       48,        149,       46,        485
92,       123,       115,       122,       528,       181,       139,       48,        150,       47,        495
91,       122,       116,       122,       528,       182,       139,       48,        151,       48,        505
91,       121,       116,       123,       526,       181,       140,       48,        149,       46,        475
92,       122,       116,       122,       527,       182,       139,       49,        150,       46,        495
93,       121,       117,       123,       527,       182,       139,       48,        150,       46,        500
91,       122,       116,       122,       526,       182,       139,       49,        149,       46,        480
92,       121,       117,       122,       527,       183,       140,       48,        150,       47,        505
92,       121,       117,       123,       526,       181,       139,       48,        149,       46,        480
91,       122,       117,       124,       527,       181,       141,       48,        150,       47,        510
92,       121,       117,       122,       527,       181,       139,       49,        149,       46,        485
91,       122,       116,       123,       527,       181,       139,       47,        150,       47,        485
91,       122,       117,       123,       528,       182,       139,       50,        150,       47,        515
91,       121,       117,       124,       526,       181,       141,       48,        150,       47,        500
92,       122,       117,       122,       528,       181,       139,       49,        150,       46,        500
93,       121,       118,       124,       527,       181,       139,       49,        150,       46,        510
93,       122,       116,       123,       527,       180,       140,       48,        151,       45,        495
92,       122,       116,       122,       528,       181,       140,       48,        150,       46,        495
92,       121,       117,       123,       526,       181,       139,       48,        149,       45,        475
92,       121,       117,       124,       527,       181,       140,       48,        150,       46,        500
92,       122,       117,       123,       528,       181,       139,       47,        149,       46,        490
93,       121,       116,       124,       525,       180,       141,       47,        151,       45,        485
91,       122,       118,       123,       527,       182,       141,       48,        150,       46,        510
92,       121,       116,       124,       526,       179,       141,       47,        149,       46,        475
93,       123,       117,       123,       528,       181,       139,       48,        151,       45,        510
92,       121,       117,       123,       527,       182,       139,       49,        150,       45,        495
92,       122,       116,       123,       526,       180,       138,       48,        150,       46,        475
93,       121,       117,       124,       527,       181,       141,       48,        151,       46,        515
92,       122,       117,       124,       526,       180,       140,       48,        149,       47,        495
92,       123,       117,       122,       527,       181,       140,       48,        151,       46,        505
94,       121,       117,       125,       527,       180,       141,       48,        151,       45,        515
92,       123,       117,       124,       526,       180,       141,       48,        149,       46,        500
92,       120,       116,       122,       526,       179,       139,       46,        150,       44,        440
94,       121,       117,       124,       526,       179,       140,       47,        151,       44,        485
92,       121,       117,       123,       527,       180,       139,       48,        152,       45,        490
92,       121,       117,       123,       526,       180,       139,       48,        150,       45,        475
93,       121,       119,       124,       529,       180,       140,       48,        150,       45,        515
92,       122,       117,       124,       528,       180,       141,       47,        150,       46,        505
92,       123,       118,       125,       525,       180,       140,       47,        151,       46,        505
94,       121,       119,       124,       526,       182,       140,       47,        153,       45,        525
93,       123,       118,       125,       526,       179,       141,       48,        150,       46,        515
93,       124,       117,       125,       527,       181,       141,       47,        153,       47,        545
93,       122,       119,       125,       526,       181,       140,       49,        151,       45,        525
93,       123,       119,       124,       527,       180,       140,       49,        152,       46,        535
94,       122,       118,       125,       527,       181,       141,       47,        152,       46,        535
93,       122,       119,       125,       526,       180,       140,       49,        151,       45,        520
95,       123,       118,       126,       527,       181,       140,       48,        153,       45,        550
93,       122,       119,       125,       526,       181,       140,       48,        151,       45,        520
94,       122,       119,       126,       524,       180,       141,       47,        152,       45,        520
94,       122,       119,       127,       527,       180,       142,       48,        152,       46,        555
93,       121,       119,       125,       526,       180,       141,       49,        151,       45,        520
94,       123,       119,       126,       527,       180,       141,       49,        153,       45,        555
93,       124,       120,       125,       527,       180,       141,       49,        151,       47,        555
95,       123,       120,       126,       525,       181,       141,       48,        154,       45,        560
94,       123,       119,       126,       526,       180,       141,       48,        153,       47,        555
93,       123,       118,       126,       525,       180,       141,       48,        151,       46,        525
93,       123,       119,       125,       527,       179,       140,       48,        152,       45,        525
93,       122,       120,       124,       525,       180,       140,       48,        150,       45,        505
94,       123,       118,       125,       525,       179,       141,       46,        153,       45,        515
93,       123,       118,       125,       526,       179,       141,       47,        152,       45,        515
94,       122,       119,       124,       524,       180,       139,       47,        151,       44,        490
94,       123,       118,       126,       527,       179,       140,       46,        152,       44,        515
93,       121,       119,       125,       525,       179,       141,       47,        150,       45,        495
93,       122,       120,       125,       525,       180,       139,       48,        152,       44,        510
93,       122,       117,       127,       525,       178,       142,       46,        152,       46,        510
93,       123,       119,       125,       526,       179,       139,       47,        152,       45,        510
94,       123,       120,       125,       526,       179,       140,       48,        152,       44,        525
93,       122,       119,       126,       525,       179,       140,       48,        150,       44,        500
94,       123,       120,       125,       524,       180,       140,       47,        152,       44,        515
93,       122,       119,       127,       525,       180,       141,       47,        154,       44,        530
94,       122,       119,       126,       525,       178,       141,       48,        151,       44,        510
95,       123,       119,       128,       525,       181,       140,       47,        154,       45,        555
94,       123,       119,       127,       525,       178,       141,       47,        152,       44,        520
94,       123,       120,       126,       524,       180,       140,       47,        152,       45,        525
94,       123,       119,       127,       525,       180,       142,       47,        153,       45,        545
94,       123,       119,       127,       525,       180,       140,       48,        152,       44,        530
94,       124,       120,       126,       526,       179,       141,       48,        153,       45,        550
94,       124,       119,       128,       525,       179,       140,       47,        153,       45,        540
94,       124,       120,       127,       525,       180,       140,       48,        153,       45,        550
94,       124,       120,       127,       525,       179,       140,       48,        152,       45,        540
94,       124,       120,       128,       524,       179,       142,       47,        152,       46,        550
95,       125,       120,       128,       524,       179,       142,       47,        154,       44,        560
94,       123,       121,       127,       525,       180,       141,       48,        152,       44,        545
95,       125,       121,       127,       524,       180,       141,       47,        153,       44,        555
93,       123,       121,       127,       524,       180,       141,       47,        155,       45,        550
94,       124,       120,       127,       524,       179,       140,       48,        152,       44,        530
95,       126,       120,       127,       525,       180,       141,       48,        155,       44,        575
96,       123,       120,       129,       524,       178,       142,       47,        153,       44,        550
96,       124,       120,       128,       524,       180,       141,       46,        154,       44,        555
94,       125,       120,       127,       526,       178,       141,       48,        153,       44,        550
94,       124,       121,       129,       524,       179,       142,       47,        152,       45,        555
96,       125,       121,       129,       524,       179,       143,       47,        154,       45,        585
95,       125,       121,       129,       523,       179,       142,       47,        153,       45,        565
95,       125,       122,       128,       524,       180,       142,       48,        153,       45,        580
96,       124,       122,       129,       524,       180,       142,       47,        155,       44,        585
95,       125,       121,       128,       524,       180,       142,       47,        153,       45,        570
95,       125,       121,       130,       524,       179,       142,       47,        155,       45,        585
95,       125,       121,       129,       524,       179,       142,       47,        153,       46,        575
95,       126,       122,       130,       524,       180,       143,       48,        154,       45,        605
95,       127,       121,       130,       525,       179,       143,       48,        154,       46,        610
95,       126,       121,       130,       524,       181,       141,       47,        154,       45,        590
96,       126,       122,       130,       525,       180,       142,       48,        156,       44,        615
94,       125,       121,       129,       524,       178,       142,       47,        153,       46,        565
95,       126,       123,       129,       524,       180,       141,       48,        153,       44,        585
96,       126,       122,       129,       523,       180,       142,       47,        155,       45,        595
94,       127,       122,       130,       523,       180,       143,       47,        154,       46,        600
95,       126,       122,       129,       524,       180,       141,       48,        155,       44,        590
96,       125,       122,       130,       523,       180,       143,       47,        155,       44,        595
96,       128,       121,       130,       524,       179,       143,       48,        154,       46,        615
96,       127,       123,       129,       524,       180,       142,       49,        156,       45,        625
96,       126,       123,       130,       523,       181,       142,       47,        155,       45,        610
97,       127,       122,       132,       523,       179,       143,       48,        157,       46,        640
96,       126,       122,       131,       523,       179,       143,       48,        155,       44,        605
96,       128,       122,       130,       525,       180,       142,       49,        155,       46,        635
96,       128,       123,       130,       525,       180,       142,       49,        156,       45,        640
97,       126,       124,       131,       523,       181,       143,       47,        156,       45,        635
96,       128,       123,       132,       523,       180,       144,       47,        156,       46,        645
96,       127,       123,       132,       523,       180,       143,       48,        156,       45,        635
96,       128,       124,       130,       524,       180,       142,       49,        156,       45,        640
96,       126,       124,       130,       523,       180,       143,       48,        156,       45,        625
95,       127,       123,       131,       523,       181,       143,       48,        155,       46,        630
97,       129,       123,       131,       523,       179,       145,       48,        157,       46,        660
96,       127,       123,       132,       523,       180,       144,       47,        156,       45,        635
97,       128,       123,       133,       523,       180,       143,       48,        155,       46,        650
96,       127,       123,       131,       523,       181,       143,       48,        157,       46,        645
97,       127,       124,       132,       522,       182,       143,       48,        156,       45,        650
98,       129,       124,       132,       523,       181,       143,       48,        158,       45,        675
97,       127,       124,       133,       523,       180,       144,       48,        157,       45,        660
97,       129,       125,       131,       523,       181,       143,       49,        156,       46,        670
97,       127,       124,       134,       522,       180,       144,       47,        156,       46,        655
96,       128,       125,       133,       523,       180,       143,       48,        155,       45,        650
97,       129,       125,       132,       523,       181,       142,       48,        158,       45,        670
97,       127,       124,       133,       523,       179,       143,       48,        157,       45,        650
97,       130,       125,       133,       523,       182,       144,       48,        157,       46,        695
97,       128,       125,       132,       522,       180,       143,       49,        158,       45,        665
98,       128,       124,       132,       522,       180,       143,       47,        157,       45,        650
97,       129,       125,       132,       523,       179,       143,       48,        157,       45,        660
96,       127,       124,       131,       523,       179,       142,       47,        156,       45,        620
98,       129,       124,       132,       522,       179,       143,       47,        155,       45,        640
96,       127,       124,       133,       522,       178,       144,       48,        156,       45,        635
96,       127,       125,       132,       522,       180,       143,       48,        156,       44,        635
98,       129,       124,       133,       523,       180,       143,       47,        158,       45,        670
97,       127,       125,       134,       522,       179,       144,       46,        157,       45,        650
98,       129,       124,       134,       522,       180,       144,       48,        157,       45,        675
97,       129,       125,       133,       524,       180,       143,       48,        158,       46,        685
97,       129,       125,       134,       522,       180,       144,       48,        158,       46,        685
98,       130,       124,       134,       523,       180,       143,       48,        158,       45,        685
98,       129,       126,       135,       522,       180,       145,       49,        158,       45,        705
98,       130,       126,       134,       522,       182,       145,       48,        159,       46,        720
97,       130,       125,       133,       523,       180,       144,       49,        157,       46,        690
98,       130,       125,       134,       521,       181,       143,       48,        158,       46,        690
98,       131,       125,       134,       523,       181,       143,       48,        159,       45,        705
98,       129,       125,       135,       522,       179,       144,       48,        158,       46,        690
98,       129,       125,       134,       522,       180,       145,       47,        157,       46,        685
98,       129,       125,       133,       522,       180,       143,       48,        158,       45,        675
97,       130,       125,       134,       521,       179,       144,       48,        158,       46,        680
98,       130,       127,       133,       522,       181,       144,       48,        158,       45,        700
97,       130,       126,       134,       522,       179,       143,       49,        158,       46,        690
97,       130,       126,       134,       521,       181,       144,       48,        159,       45,        695
98,       130,       126,       134,       522,       180,       144,       49,        157,       45,        695
97,       130,       126,       135,       523,       180,       145,       49,        158,       46,        715
99,       130,       126,       135,       521,       180,       144,       48,        159,       45,        705
96,       129,       125,       133,       521,       178,       142,       48,        158,       44,        640
99,       130,       126,       134,       522,       180,       142,       48,        158,       44,        685
97,       130,       126,       134,       520,       179,       143,       47,        158,       45,        665
97,       131,       125,       133,       520,       179,       144,       47,        157,       46,        665
98,       130,       126,       135,       521,       179,       143,       47,        158,       45,        680
98,       129,       126,       136,       519,       179,       144,       47,        158,       45,        675
98,       131,       126,       134,       521,       181,       144,       47,        159,       45,        700
96,       130,       126,       134,       521,       178,       144,       48,        157,       45,        665
97,       130,       126,       134,       522,       179,       143,       49,        157,       45,        680
98,       130,       126,       135,       521,       179,       143,       47,        158,       44,        675
98,       130,       126,       134,       521,       177,       142,       48,        156,       46,        660
100,      129,       126,       135,       519,       179,       145,       47,        158,       45,        685
100,      129,       126,       134,       520,       179,       142,       48,        158,       44,        670
97,       130,       126,       134,       520,       178,       144,       47,        157,       46,        665
98,       129,       127,       134,       520,       179,       143,       48,        157,       45,        670
97,       129,       127,       134,       521,       178,       143,       47,        157,       45,        660
98,       131,       126,       136,       521,       179,       144,       47,        158,       45,        695
98,       130,       127,       135,       519,       179,       143,       47,        158,       44,        670
99,       130,       127,       136,       521,       179,       143,       48,        158,       44,        695
99,       132,       126,       136,       521,       179,       145,       47,        159,       46,        720
98,       131,       127,       135,       520,       178,       143,       48,        158,       45,        685
99,       132,       128,       136,       520,       179,       145,       48,        160,       46,        735
99,       130,       127,       137,       519,       179,       144,       48,        158,       45,        700
99,       132,       127,       136,       520,       178,       143,       48,        158,       47,        710
100,      130,       128,       137,       520,       178,       145,       48,        158,       45,        715
98,       130,       128,       136,       520,       180,       144,       47,        158,       45,        700
100,      132,       128,       136,       520,       179,       145,       49,        159,       45,        735
99,       130,       129,       137,       519,       179,       144,       49,        158,       45,        715
101,      132,       127,       137,       520,       179,       145,       48,        159,       46,        740
100,      132,       127,       137,       521,       179,       145,       49,        160,       46,        750
100,      132,       128,       138,       519,       181,       145,       48,        160,       46,        755
100,      131,       130,       137,       520,       181,       144,       49,        161,       45,        760
100,      131,       128,       138,       520,       179,       144,       49,        160,       45,        740
100,      133,       129,       137,       521,       180,       146,       49,        160,       47,        780
101,      131,       128,       138,       519,       179,       144,       48,        160,       46,        740
100,      133,       129,       137,       519,       181,       144,       48,        160,       47,        760
101,      131,       130,       139,       519,       180,       146,       49,        161,       47,        785
100,      132,       129,       138,       519,       181,       145,       49,        160,       46,        765
100,      133,       129,       137,       519,       181,       145,       49,        161,       46,        770
100,      133,       129,       138,       520,       179,       145,       49,        159,       47,        765
