0,        1,         2,         3,         4,         5,         6,         7,         8,         9,         "T"
401,10,-65,119,
122,      207,       78,        91,        328,       352,       145,       72,        165,       63,        0
122,      207,       78,        90,        329,       354,       145,       71,        167,       63,        0
121,      208,       79,        90,        329,       354,       144,       71,        166,       63,        0
122,      209,       79,        91,        329,       353,       144,       72,        166,       64,        0
122,      209,       80,        93,        330,       355,       145,       73,        168,       63,        0
122,      208,       79,        93,        330,       353,       145,       73,        165,       65,        0
122,      209,       79,        91,        329,       353,       146,       71,        167,       64,        0
122,      209,       80,        91,        330,       354,       145,       72,        167,       64,        0
121,      208,       80,        90,        329,       353,       144,       71,        167,       63,        0
121,      208,       80,        91,        330,       352,       144,       73,        166,       63,        0
121,      208,       79,        91,        329,       353,       144,       73,        165,       63,        0
121,      208,       80,        91,        329,       352,       145,       72,        166,       64,        0
122,      208,       78,        91,        329,       354,       144,       72,        165,       63,        0
122,      208,       79,        92,        329,       353,       145,       72,        166,       64,        0
121,      209,       79,        90,        329,       353,       144,       72,        165,       64,        0
121,      208,       78,        91,        329,       352,       145,       71,        166,       64,        0
121,      208,       80,        90,        328,       353,       143,       72,        165,       63,        0
121,      209,       79,        92,        330,       353,       144,       73,        167,       65,        0
122,      210,       79,        93,        330,       354,       147,       73,        166,       66,        0
124,      209,       80,        94,        330,       354,       147,       73,        168,       63,        0
121,      209,       80,        91,        330,       354,       144,       72,        166,       63,        0
121,      209,       80,        91,        329,       354,       145,       72,        167,       65,        110
122,      209,       81,        92,        330,       353,       145,       73,        166,       64,        120
120,      207,       79,        91,        327,       352,       143,       72,        165,       63,        40
121,      208,       79,        91,        329,       355,       145,       71,        167,       63,        90
123,      211,       81,        93,        332,       355,       146,       74,        168,       65,        185
122,      210,       80,        92,        330,       355,       145,       74,        168,       64,        145
122,      209,       80,        92,        329,       355,       145,       72,        165,       65,        115
122,      209,       80,        92,        330,       355,       145,       73,        168,       63,        130
124,      211,       81,        93,        330,       355,       147,       73,        169,       66,        190
122,      210,       81,        93,        330,       354,       146,       73,        166,       64,        140
124,      209,       80,        93,        329,       355,       146,       73,        168,       65,        155
124,      210,       81,        93,        332,       355,       147,       74,        170,       65,        200
122,      211,       81,        93,        331,       355,       146,       75,        167,       66,        180
124,      212,       81,        95,        332,       356,       148,       75,        170,       66,        240
124,      211,       83,        93,        333,       357,       147,       75,        169,       66,        235
125,      212,       83,        96,        333,       357,       149,       76,        170,       68,        290
125,      213,       82,        95,        333,       356,       149,       75,        170,       67,        270
126,      212,       82,        96,        332,       358,       148,       76,        171,       67,        285
126,      214,       83,        95,        334,       359,       149,       76,        171,       69,        325
125,      212,       84,        97,        333,       357,       148,       76,        170,       67,        290
124,      211,       81,        95,        332,       355,       147,       75,        170,       65,        220
124,      212,       83,        95,        334,       357,       147,       76,        171,       66,        270
126,      213,       84,        96,        334,       357,       149,       78,        170,       67,        315
125,      212,       85,        94,        334,       359,       148,       77,        172,       67,        310
125,      213,       84,        95,        334,       357,       149,       77,        170,       67,        300
126,      212,       84,        96,        334,       359,       148,       78,        171,       68,        325
126,      215,       84,        96,        336,       360,       149,       79,        172,       69,        375
125,      214,       84,        96,        334,       359,       149,       77,        171,       68,        330
127,      215,       84,        97,        336,       360,       149,       79,        173,       70,        395
125,      212,       84,        96,        334,       359,       148,       77,        171,       68,        315
123,      211,       81,        94,        333,       357,       146,       76,        168,       67,        225
124,      212,       83,        95,        334,       359,       149,       76,        171,       67,        295
125,      212,       84,        96,        335,       360,       148,       77,        170,       68,        320
126,      212,       83,        95,        334,       360,       148,       77,        171,       67,        310
123,      211,       82,        92,        333,       359,       146,       76,        168,       65,        220
123,      210,       81,        95,        332,       357,       147,       74,        167,       67,        210
123,      210,       82,        94,        333,       359,       147,       76,        170,       66,        245
124,      210,       81,        95,        333,       359,       147,       76,        169,       66,        245
125,      211,       82,        96,        334,       360,       148,       75,        171,       68,        295
124,      210,       82,        94,        333,       360,       148,       75,        169,       67,        255
124,      212,       83,        94,        334,       360,       147,       77,        170,       66,        280
123,      209,       82,        93,        333,       360,       145,       75,        169,       65,        215
122,      209,       80,        93,        333,       359,       145,       74,        167,       65,        180
123,      209,       81,        93,        332,       359,       146,       74,        168,       64,        190
123,      209,       80,        92,        334,       359,       146,       74,        166,       66,        190
123,      209,       82,        94,        334,       360,       146,       75,        168,       66,        230
123,      208,       79,        92,        332,       359,       146,       73,        169,       64,        170
122,      208,       80,        92,        332,       360,       145,       73,        168,       63,        160
122,      208,       81,        92,        333,       360,       146,       73,        169,       65,        190
121,      207,       80,        92,        332,       360,       146,       72,        168,       64,        155
121,      208,       80,        92,        332,       360,       145,       74,        167,       64,        160
123,      209,       80,        92,        333,       361,       145,       74,        169,       63,        190
123,      210,       82,        94,        335,       363,       146,       75,        169,       65,        255
123,      211,       83,        94,        335,       363,       147,       75,        169,       66,        275
124,      210,       82,        94,        335,       363,       146,       75,        171,       65,        270
122,      209,       80,        91,        333,       361,       145,       73,        168,       64,        175
122,      210,       80,        92,        334,       362,       147,       74,        170,       65,        225
120,      209,       79,        91,        334,       360,       145,       74,        167,       63,        155
121,      210,       80,        91,        334,       362,       146,       73,        169,       64,        195
122,      211,       79,        92,        335,       362,       146,       74,        169,       65,        220
122,      209,       80,        92,        335,       362,       147,       73,        168,       65,        210
124,      209,       81,        93,        335,       364,       148,       73,        171,       66,        265
124,      211,       82,        93,        337,       364,       148,       74,        170,       65,        285
123,      211,       80,        93,        336,       363,       147,       74,        168,       66,        250
123,      211,       81,        92,        337,       364,       147,       73,        170,       65,        260
123,      210,       82,        93,        336,       364,       147,       75,        170,       66,        275
124,      211,       81,        93,        337,       366,       149,       74,        171,       66,        305
125,      210,       81,        94,        336,       364,       147,       74,        169,       65,        270
123,      210,       80,        92,        335,       364,       146,       73,        170,       64,        230
123,      209,       80,        92,        335,       363,       146,       73,        168,       65,        215
123,      209,       80,        92,        335,       363,       147,       73,        168,       63,        210
123,      210,       82,        93,        337,       364,       148,       74,        170,       66,        280
122,      209,       80,        93,        335,       364,       146,       72,        169,       64,        215
121,      209,       80,        92,        336,       362,       146,       73,        169,       64,        205
123,      209,       81,        92,        335,       363,       147,       72,        168,       64,        215
124,      209,       81,        93,        336,       366,       146,       73,        171,       64,        260
123,      210,       80,        93,        337,       365,       148,       74,        170,       66,        275
122,      210,       80,        93,        335,       363,       146,       73,        168,       64,        215
124,      211,       81,        94,        337,       365,       148,       74,        171,       67,        305
123,      210,       80,        94,        336,       365,       147,       74,        170,       65,        265
123,      210,       81,        93,        336,       364,       147,       73,        171,       63,        250
125,      211,       83,        93,        338,       367,       148,       74,        173,       65,        330
123,      210,       81,        93,        336,       366,       147,       75,        170,       65,        275
124,      210,       82,        93,        337,       367,       147,       74,        172,       65,        300
125,      212,       82,        94,        339,       367,       148,       76,        171,       65,        340
123,      212,       82,        93,        339,       367,       148,       75,        171,       66,        325
125,      213,       82,        94,        340,       368,       149,       75,        173,       66,        370
123,      211,       80,        94,        338,       366,       148,       74,        170,       66,        295
124,      213,       82,        94,        340,       368,       150,       75,        173,       67,        375
125,      211,       82,        94,        338,       368,       149,       74,        172,       66,        340
124,      211,       82,        94,        338,       367,       149,       74,        171,       66,        325
125,      211,       80,        93,        339,       367,       150,       74,        172,       66,        330
125,      213,       82,        95,        340,       369,       149,       75,        173,       67,        385
124,      214,       81,        93,        340,       368,       149,       75,        172,       66,        355
125,      212,       83,        93,        339,       368,       149,       74,        172,       65,        345
125,      212,       82,        93,        339,       370,       148,       74,        172,       65,        345
125,      213,       81,        94,        340,       369,       149,       76,        173,       65,        370
125,      212,       80,        95,        339,       368,       149,       74,        171,       67,        345
124,      214,       82,        92,        342,       370,       150,       75,        174,       66,        390
127,      214,       82,        96,        342,       370,       151,       76,        174,       68,        445
125,      213,       83,        94,        341,       371,       151,       75,        174,       67,        415
125,      216,       82,        94,        343,       372,       151,       76,        175,       67,        450
128,      217,       85,        97,        345,       374,       154,       78,        176,       70,        565
128,      216,       83,        96,        344,       373,       153,       77,        177,       69,        525
130,      217,       86,        98,        345,       374,       154,       80,        176,       70,        595
131,      219,       87,        99,        346,       376,       155,       80,        179,       72,        665
130,      218,       86,        97,        347,       375,       155,       79,        178,       70,        620
130,      219,       85,        98,        346,       374,       153,       79,        178,       71,        610
128,      216,       83,        97,        344,       373,       154,       76,        176,       68,        520
126,      216,       84,        95,        342,       373,       152,       75,        175,       69,        480
129,      216,       83,        96,        344,       375,       153,       77,        177,       68,        535
128,      216,       84,        95,        345,       373,       153,       77,        175,       67,        510
127,      217,       85,        96,        344,       373,       153,       77,        176,       68,        525
126,      215,       84,        96,        343,       373,       152,       76,        176,       67,        485
125,      214,       82,        94,        342,       371,       150,       75,        173,       66,        405
126,      213,       83,        95,        342,       372,       151,       75,        176,       67,        445
125,      215,       82,        94,        341,       371,       151,       74,        175,       66,        415
126,      214,       82,        95,        342,       371,       152,       75,        174,       67,        435
125,      214,       83,        94,        342,       372,       152,       74,        175,       67,        435
126,      215,       84,        95,        343,       373,       152,       74,        175,       67,        465
126,      214,       82,        94,        341,       372,       150,       74,        174,       66,        410
127,      215,       82,        96,        343,       373,       152,       75,        175,       66,        465
125,      214,       83,        93,        342,       372,       150,       74,        174,       65,        405
125,      215,       82,        93,        342,       372,       150,       75,        175,       65,        415
127,      213,       81,        94,        342,       370,       152,       73,        172,       67,        400
127,      214,       82,        96,        344,       373,       152,       74,        177,       67,        475
127,      216,       82,        95,        344,       373,       153,       75,        176,       68,        490
128,      215,       82,        96,        343,       373,       152,       75,        176,       66,        475
128,      216,       83,        95,        344,       375,       153,       75,        177,       67,        510
127,      217,       83,        94,        344,       372,       151,       77,        175,       67,        480
128,      217,       85,        96,        344,       374,       152,       76,        178,       68,        535
127,      217,       83,        95,        345,       373,       154,       76,        176,       68,        515
127,      216,       84,        95,        344,       373,       152,       75,        176,       68,        495
128,      218,       83,        96,        345,       375,       154,       76,        178,       69,        555
127,      215,       83,        95,        343,       373,       152,       76,        176,       67,        480
126,      216,       83,        94,        343,       373,       153,       74,        175,       67,        465
126,      216,       81,        94,        344,       372,       152,       74,        174,       66,        440
128,      216,       83,        95,        344,       374,       153,       76,        175,       66,        495
127,      217,       82,        95,        344,       373,       153,       75,        177,       67,        495
125,      214,       81,        93,        341,       371,       150,       73,        175,       65,        385
126,      217,       82,        95,        343,       373,       153,       75,        177,       68,        490
126,      215,       82,        93,        343,       372,       151,       74,        176,       65,        430
127,      218,       84,        95,        344,       374,       153,       77,        177,       68,        530
129,      218,       83,        96,        345,       374,       154,       76,        178,       69,        555
128,      218,       84,        96,        344,       375,       153,       76,        177,       68,        540
127,      218,       82,        94,        344,       373,       152,       75,        176,       68,        490
129,      218,       83,        96,        344,       374,       154,       75,        178,       68,        540
129,      220,       85,        96,        346,       376,       154,       78,        178,       69,        600
128,      217,       83,        96,        344,       375,       154,       74,        179,       67,        530
129,      216,       83,        97,        344,       374,       155,       75,        177,       68,        535
128,      216,       84,        95,        344,       374,       153,       76,        178,       67,        520
127,      216,       83,        95,        344,       374,       153,       76,        178,       66,        505
128,      217,       82,        97,        344,       374,       154,       75,        177,       68,        525
130,      219,       85,        96,        346,       377,       155,       77,        180,       69,        615
128,      217,       83,        96,        343,       375,       153,       75,        177,       67,        515
129,      217,       83,        96,        344,       373,       154,       74,        177,       67,        515
129,      218,       84,        95,        345,       374,       154,       76,        178,       67,        545
128,      219,       84,        96,        346,       374,       154,       77,        177,       69,        565
130,      219,       83,        97,        346,       375,       155,       77,        179,       69,        595
131,      221,       86,        99,        347,       377,       158,       78,        180,       70,        680
121,      209,       77,        88,        335,       366,       147,       67,        170,       62,        155
123,      209,       77,        89,        336,       366,       148,       68,        171,       61,        185
122,      209,       76,        89,        336,       367,       147,       67,        169,       61,        160
121,      210,       76,        87,        337,       366,       146,       69,        169,       61,        155
122,      209,       76,        89,        336,       366,       146,       68,        168,       60,        145
121,      209,       76,        89,        334,       366,       147,       67,        169,       61,        140
120,      209,       77,        87,        335,       366,       146,       67,        169,       60,        125
120,      209,       76,        88,        335,       366,       146,       67,        168,       60,        120
121,      210,       76,        88,        336,       367,       147,       67,        170,       61,        160
122,      211,       80,        90,        338,       368,       148,       70,        172,       62,        250
120,      208,       75,        88,        336,       366,       145,       68,        168,       60,        115
122,      210,       75,        89,        336,       366,       148,       67,        170,       60,        160
121,      211,       76,        89,        337,       367,       147,       69,        170,       62,        190
122,      211,       77,        88,        337,       367,       148,       67,        172,       62,        200
122,      210,       77,        89,        336,       366,       147,       68,        171,       62,        185
122,      211,       76,        89,        338,       366,       148,       69,        172,       61,        205
122,      212,       78,        91,        337,       368,       149,       68,        172,       63,        245
122,      212,       77,        90,        339,       367,       148,       70,        171,       63,        240
126,      215,       82,        93,        342,       372,       152,       73,        176,       65,        425
126,      215,       82,        94,        342,       372,       153,       74,        174,       66,        435
128,      216,       82,        94,        343,       372,       153,       74,        176,       66,        465
126,      216,       81,        94,        342,       372,       152,       72,        176,       67,        435
126,      215,       83,        93,        341,       372,       152,       72,        176,       65,        420
126,      215,       80,        93,        341,       371,       151,       73,        176,       65,        400
126,      214,       82,        93,        339,       371,       151,       71,        176,       64,        380
125,      213,       80,        92,        339,       369,       151,       71,        174,       64,        335
126,      215,       81,        93,        341,       372,       153,       72,        176,       66,        420
124,      214,       81,        91,        339,       370,       150,       72,        173,       63,        330
125,      215,       81,        93,        340,       373,       151,       72,        176,       65,        400
125,      215,       80,        92,        342,       372,       151,       73,        174,       65,        390
125,      215,       81,        93,        341,       371,       151,       72,        174,       64,        380
125,      216,       80,        91,        341,       370,       152,       71,        175,       64,        370
125,      215,       80,        92,        341,       369,       151,       73,        174,       63,        360
124,      213,       81,        91,        338,       370,       151,       70,        174,       64,        325
126,      215,       79,        92,        339,       370,       151,       70,        176,       63,        350
126,      215,       80,        92,        341,       371,       151,       73,        176,       64,        390
125,      215,       81,        92,        342,       370,       152,       73,        175,       64,        390
126,      214,       80,        93,        339,       370,       151,       71,        175,       64,        360
125,      213,       79,        91,        339,       370,       151,       70,        174,       64,        325
124,      212,       81,        91,        339,       369,       151,       70,        173,       63,        310
125,      214,       82,        93,        340,       371,       151,       72,        175,       65,        385
125,      214,       78,        92,        340,       369,       150,       70,        172,       64,        315
125,      213,       79,        90,        338,       369,       149,       70,        172,       62,        280
123,      213,       79,        90,        338,       369,       149,       70,        174,       62,        280
125,      212,       78,        91,        338,       369,       150,       69,        173,       62,        280
125,      212,       79,        91,        337,       368,       150,       69,        173,       62,        275
124,      213,       77,        91,        339,       369,       152,       69,        173,       64,        300
125,      213,       78,        92,        339,       368,       152,       70,        171,       62,        295
125,      214,       78,        93,        339,       370,       153,       70,        173,       65,        345
126,      215,       79,        93,        341,       370,       153,       71,        173,       67,        385
125,      213,       78,        92,        339,       369,       150,       71,        172,       64,        310
124,      214,       80,        91,        339,       370,       151,       71,        174,       63,        330
125,      213,       79,        92,        339,       370,       151,       70,        175,       63,        330
126,      215,       80,        92,        340,       371,       151,       71,        176,       64,        375
126,      213,       79,        92,        339,       370,       152,       69,        175,       64,        340
125,      213,       79,        92,        339,       369,       149,       70,        173,       63,        305
125,      214,       80,        91,        339,       370,       151,       70,        174,       63,        330
124,      215,       79,        90,        339,       369,       150,       71,        173,       62,        305
124,      213,       79,        91,        339,       369,       150,       71,        174,       63,        310
126,      216,       81,        92,        341,       372,       153,       72,        176,       64,        410
125,      214,       78,        92,        339,       368,       152,       70,        173,       63,        315
126,      215,       80,        93,        340,       370,       153,       70,        175,       65,        380
126,      213,       80,        91,        338,       370,       152,       69,        174,       63,        325
124,      213,       79,        91,        339,       370,       150,       70,        174,       62,        305
123,      213,       79,        90,        338,       368,       150,       70,        173,       63,        280
124,      213,       79,        91,        339,       369,       150,       70,        173,       62,        295
124,      214,       80,        90,        339,       370,       150,       71,        174,       64,        325
125,      214,       78,        92,        339,       369,       152,       69,        176,       63,        330
125,      213,       77,        92,        338,       367,       152,       69,        173,       63,        290
126,      213,       78,        92,        338,       369,       152,       70,        174,       64,        325
124,      214,       79,        90,        339,       369,       151,       71,        172,       63,        305
125,      214,       77,        91,        340,       369,       150,       70,        173,       64,        310
126,      216,       80,        92,        340,       371,       152,       71,        175,       63,        375
126,      214,       79,        92,        339,       369,       151,       69,        174,       63,        325
127,      216,       79,        91,        339,       370,       152,       71,        176,       64,        370
126,      213,       78,        92,        338,       369,       151,       70,        175,       63,        320
125,      214,       78,        92,        338,       368,       152,       69,        174,       64,        315
125,      213,       78,        92,        338,       368,       152,       69,        175,       63,        310
124,      214,       78,        90,        340,       368,       151,       69,        171,       63,        285
124,      213,       78,        90,        338,       368,       151,       70,        172,       62,        275
123,      213,       79,        90,        337,       369,       151,       68,        173,       63,        275
124,      213,       77,        89,        338,       368,       149,       70,        171,       61,        245
123,      213,       78,        90,        338,       369,       151,       67,        173,       62,        265
125,      213,       77,        91,        338,       368,       152,       69,        172,       63,        285
123,      214,       78,        90,        338,       368,       150,       69,        173,       61,        265
125,      213,       78,        90,        338,       368,       151,       69,        174,       62,        285
124,      213,       78,        91,        337,       368,       151,       70,        172,       63,        280
125,      214,       78,        91,        338,       369,       151,       69,        174,       62,        300
123,      212,       79,        90,        337,       369,       150,       68,        172,       62,        255
124,      214,       78,        90,        338,       368,       150,       69,        172,       62,        270
125,      214,       78,        91,        338,       369,       152,       68,        174,       63,        305
124,      213,       79,        90,        337,       369,       151,       68,        174,       62,        280
125,      214,       77,        91,        339,       369,       151,       70,        175,       62,        310
123,      215,       77,        90,        339,       368,       151,       70,        173,       62,        285
125,      214,       80,        92,        338,       371,       152,       69,        176,       63,        345
125,      215,       77,        90,        340,       369,       151,       69,        174,       62,        305
125,      215,       78,        93,        338,       369,       152,       69,        172,       63,        315
125,      215,       78,        90,        339,       369,       151,       69,        173,       63,        305
127,      215,       79,        92,        339,       370,       152,       70,        175,       63,        355
126,      215,       78,        91,        340,       368,       152,       70,        172,       64,        325
126,      215,       78,        93,        340,       370,       153,       71,        176,       63,        370
126,      214,       78,        91,        338,       368,       152,       70,        173,       63,        310
125,      215,       80,        91,        340,       371,       153,       71,        175,       64,        370
126,      216,       79,        93,        340,       370,       154,       70,        176,       65,        390
127,      215,       80,        92,        339,       371,       152,       71,        174,       63,        365
126,      216,       79,        91,        340,       370,       153,       70,        175,       64,        365
127,      216,       79,        92,        340,       369,       153,       71,        174,       64,        370
127,      217,       83,        93,        341,       372,       154,       73,        178,       65,        460
129,      219,       81,        94,        341,       372,       155,       72,        178,       66,        480
129,      217,       82,        95,        341,       372,       155,       73,        176,       66,        475
128,      217,       80,        93,        341,       372,       155,       70,        177,       65,        435
128,      218,       80,        94,        341,       372,       156,       72,        176,       65,        455
127,      218,       80,        93,        341,       371,       153,       72,        176,       64,        420
126,      216,       79,        92,        339,       370,       153,       70,        176,       64,        370
126,      217,       81,        93,        340,       371,       155,       71,        175,       65,        415
127,      216,       80,        93,        339,       372,       153,       71,        177,       63,        400
126,      216,       81,        93,        340,       371,       154,       69,        177,       65,        405
126,      215,       80,        92,        338,       369,       153,       70,        173,       64,        345
126,      217,       80,        93,        340,       372,       153,       71,        177,       63,        405
127,      215,       79,        92,        339,       370,       152,       70,        174,       63,        350
128,      216,       80,        93,        340,       370,       154,       71,        176,       64,        405
127,      217,       80,        93,        341,       371,       155,       70,        176,       64,        415
129,      217,       80,        94,        340,       369,       155,       71,        175,       65,        420
128,      217,       82,        93,        341,       372,       155,       71,        178,       65,        455
127,      217,       82,        93,        341,       372,       155,       71,        177,       66,        450
128,      218,       83,        94,        343,       373,       155,       73,        178,       66,        500
128,      218,       81,        93,        342,       372,       156,       72,        176,       66,        465
127,      217,       81,        93,        340,       371,       153,       71,        176,       63,        405
129,      219,       80,        93,        341,       371,       154,       71,        178,       64,        445
129,      219,       82,        95,        342,       372,       156,       73,        178,       67,        510
128,      218,       82,        93,        342,       373,       154,       71,        178,       66,        470
128,      217,       81,        93,        341,       373,       156,       70,        179,       65,        460
128,      218,       80,        93,        342,       372,       154,       71,        176,       65,        440
127,      217,       81,        92,        340,       371,       153,       71,        176,       63,        400
128,      217,       79,        94,        341,       371,       155,       69,        176,       65,        420
127,      217,       80,        93,        340,       371,       154,       70,        175,       64,        400
129,      218,       80,        95,        341,       372,       155,       71,        177,       64,        455
128,      218,       80,        94,        341,       370,       155,       71,        176,       66,        440
127,      216,       79,        92,        340,       370,       152,       71,        176,       63,        375
128,      217,       79,        94,        340,       370,       156,       69,        176,       65,        415
129,      218,       81,        95,        341,       372,       156,       71,        177,       66,        475
129,      220,       81,        94,        343,       372,       156,       73,        178,       66,        505
129,      217,       80,        94,        341,       371,       154,       71,        176,       65,        435
128,      217,       81,        93,        340,       371,       154,       71,        176,       65,        425
129,      218,       79,        93,        340,       371,       154,       70,        177,       64,        420
127,      218,       80,        94,        341,       370,       154,       71,        175,       65,        420
128,      217,       80,        92,        340,       372,       154,       70,        177,       64,        415
128,      217,       79,        94,        340,       371,       155,       69,        175,       65,        410
127,      216,       79,        92,        341,       371,       153,       70,        175,       64,        385
129,      219,       82,        94,        342,       373,       157,       71,        177,       67,        500
128,      219,       80,        94,        341,       372,       156,       70,        176,       66,        455
130,      221,       82,        95,        342,       372,       157,       74,        179,       68,        545
130,      219,       81,        93,        342,       372,       155,       73,        177,       65,        480
130,      218,       81,        94,        341,       372,       155,       72,        179,       65,        480
129,      220,       80,        95,        342,       372,       156,       72,        178,       67,        500
129,      219,       81,        94,        341,       371,       156,       72,        178,       64,        470
129,      219,       83,        95,        343,       374,       157,       72,        179,       66,        530
130,      220,       83,        95,        343,       374,       157,       72,        177,       67,        535
128,      218,       82,        95,        340,       372,       155,       71,        177,       65,        460
129,      217,       80,        93,        340,       371,       155,       70,        177,       64,        425
130,      219,       80,        94,        341,       371,       155,       72,        175,       66,        460
128,      219,       80,        94,        341,       371,       156,       71,        177,       66,        460
130,      220,       80,        94,        341,       373,       155,       71,        178,       65,        480
128,      219,       81,        93,        341,       371,       155,       71,        177,       65,        450
129,      219,       81,        94,        343,       373,       155,       73,        179,       65,        500
130,      220,       82,        94,        342,       373,       157,       72,        177,       65,        505
127,      218,       80,        94,        340,       371,       155,       71,        175,       65,        425
129,      219,       81,        93,        340,       372,       156,       70,        177,       66,        460
128,      219,       80,        93,        341,       371,       154,       72,        176,       65,        440
126,      217,       80,        91,        339,       371,       154,       68,        176,       63,        370
129,      220,       81,        94,        342,       371,       156,       72,        177,       66,        485
127,      218,       79,        92,        339,       370,       154,       69,        175,       64,        380
129,      218,       80,        95,        341,       372,       156,       70,        178,       66,        470
126,      215,       78,        92,        338,       369,       152,       68,        174,       62,        315
128,      216,       80,        92,        338,       371,       152,       68,        176,       63,        365
126,      217,       79,        91,        340,       370,       153,       69,        174,       63,        355
126,      218,       80,        92,        339,       370,       152,       70,        175,       63,        370
127,      216,       78,        92,        338,       370,       153,       67,        176,       62,        340
126,      217,       80,        92,        339,       370,       153,       69,        175,       63,        365
128,      218,       80,        93,        339,       372,       154,       71,        177,       63,        420
128,      218,       79,        92,        341,       370,       154,       70,        176,       64,        405
128,      218,       79,        94,        339,       371,       154,       70,        175,       65,        410
130,      219,       79,        94,        341,       372,       155,       70,        177,       66,        460
129,      217,       79,        93,        340,       370,       154,       69,        176,       64,        400
127,      217,       80,        91,        339,       371,       153,       69,        175,       64,        375
128,      218,       79,        93,        340,       370,       154,       70,        176,       63,        400
129,      218,       80,        94,        339,       370,       154,       69,        176,       65,        415
127,      218,       79,        92,        340,       370,       155,       69,        176,       64,        395
126,      217,       79,        92,        339,       370,       154,       68,        175,       62,        355
127,      218,       80,        92,        338,       371,       153,       68,        176,       63,        375
127,      217,       79,        92,        338,       371,       154,       68,        176,       62,        365
126,      217,       79,        91,        338,       369,       154,       69,        174,       63,        345
127,      217,       81,        91,        338,       371,       153,       69,        176,       63,        375
130,      219,       79,        93,        340,       370,       155,       69,        177,       65,        430
128,      219,       80,        93,        341,       370,       154,       70,        175,       66,        425
128,      218,       81,        93,        341,       371,       156,       70,        177,       65,        445
128,      218,       80,        93,        340,       371,       154,       70,        177,       65,        425
131,      220,       82,        96,        342,       373,       157,       71,        179,       66,        530
130,      222,       81,        95,        343,       373,       157,       72,        178,       67,        535
129,      220,       81,        93,        341,       372,       156,       71,        177,       66,        475
130,      219,       81,        95,        341,       373,       156,       70,        178,       65,        485
130,      220,       81,        95,        341,       373,       155,       72,        177,       65,        490
129,      221,       81,        94,        342,       373,       156,       73,        177,       66,        505
130,      219,       81,        94,        341,       373,       155,       71,        178,       65,        480
129,      220,       80,        94,        341,       371,       155,       71,        176,       65,        455
131,      221,       81,        95,        343,       374,       157,       72,        180,       67,        550
131,      221,       83,        96,        343,       375,       158,       72,        178,       68,        570
129,      221,       82,        95,        342,       374,       156,       72,        179,       66,        525
130,      221,       82,        95,        343,       373,       158,       71,        178,       67,        535
130,      219,       83,        94,        340,       373,       155,       70,        178,       65,        480
129,      220,       82,        94,        341,       372,       155,       70,        179,       65,        480
130,      219,       82,        94,        342,       372,       156,       72,        179,       65,        500
131,      222,       85,        96,        343,       375,       158,       74,        181,       67,        605
134,      223,       85,        98,        345,       378,       160,       74,        184,       69,        695
132,      223,       82,        97,        344,       374,       160,       72,        179,       68,        600
130,      221,       82,        95,        342,       375,       158,       73,        180,       66,        555
129,      220,       82,        95,        342,       373,       156,       72,        178,       65,        505
131,      221,       82,        96,        342,       374,       158,       71,        180,       66,        550
