0,        1,         2,         3,         4,         5,         6,         7,         8,         9,         "T"
399,10,-58,116,
103,      236,       52,        58,        297,       297,       136,       81,        179,       59,        0
103,      236,       54,        59,        297,       297,       136,       81,        180,       62,        0
103,      237,       55,        59,        297,       298,       137,       80,        180,       61,        0
104,      237,       51,        59,        298,       297,       133,       81,        180,       59,        0
101,      238,       54,        57,        296,       299,       135,       79,        181,       61,        0
104,      237,       53,        59,        298,       298,       136,       82,        180,       61,        0
101,      238,       52,        56,        297,       298,       134,       79,        180,       60,        0
102,      239,       53,        57,        298,       299,       135,       80,        181,       61,        0
103,      237,       52,        58,        298,       298,       134,       80,        180,       60,        0
105,      239,       52,        58,        300,       299,       134,       83,        182,       60,        0
102,      238,       53,        56,        297,       299,       134,       79,        181,       61,        0
103,      238,       53,        58,        298,       298,       134,       80,        181,       61,        0
102,      237,       54,        58,        297,       299,       136,       81,        179,       62,        0
102,      238,       56,        60,        298,       300,       137,       81,        180,       63,        0
105,      238,       55,        61,        300,       299,       137,       84,        181,       62,        0
104,      241,       55,        58,        300,       301,       136,       81,        184,       63,        0
106,      240,       55,        60,        301,       300,       136,       83,        182,       62,        0
106,      242,       55,        59,        301,       302,       137,       81,        185,       64,        0
105,      239,       55,        61,        299,       299,       137,       83,        180,       63,        0
104,      240,       57,        61,        300,       301,       139,       83,        183,       65,        0
106,      240,       55,        60,        300,       300,       136,       83,        182,       62,        0
106,      239,       54,        61,        300,       299,       136,       83,        183,       61,        0
102,      239,       55,        59,        299,       300,       135,       82,        182,       63,        -5
103,      239,       54,        58,        299,       300,       137,       81,        182,       62,        -10
106,      238,       54,        61,        301,       299,       138,       84,        182,       61,        35
103,      239,       54,        58,        299,       300,       136,       80,        182,       62,        -20
108,      241,       55,        61,        302,       301,       137,       85,        185,       63,        105
105,      241,       58,        62,        301,       303,       139,       85,        183,       65,        125
104,      240,       54,        58,        299,       301,       136,       81,        182,       62,        0
103,      240,       56,        59,        300,       302,       137,       81,        184,       63,        40
104,      237,       55,        59,        298,       299,       137,       82,        180,       61,        -25
104,      238,       55,        62,        300,       301,       139,       83,        182,       62,        45
105,      238,       54,        59,        301,       301,       136,       82,        181,       62,        10
103,      239,       54,        58,        300,       303,       137,       81,        182,       63,        15
104,      237,       51,        59,        301,       301,       134,       82,        181,       60,        -35
103,      236,       54,        59,        298,       302,       136,       81,        179,       61,        -40
103,      237,       54,        58,        300,       304,       135,       80,        181,       61,        -20
102,      236,       54,        58,        298,       301,       136,       80,        177,       61,        -70
102,      236,       54,        58,        300,       303,       136,       81,        180,       61,        -30
104,      236,       52,        59,        302,       303,       135,       82,        181,       60,        -15
103,      236,       54,        59,        301,       306,       137,       81,        180,       62,        10
101,      235,       54,        59,        300,       304,       137,       80,        179,       61,        -35
102,      234,       53,        59,        300,       304,       136,       80,        178,       59,        -60
104,      236,       52,        59,        303,       305,       135,       82,        181,       60,        0
101,      236,       52,        56,        302,       305,       133,       80,        180,       59,        -65
100,      234,       51,        55,        299,       305,       133,       78,        178,       59,        -125
100,      233,       51,        57,        301,       304,       134,       79,        178,       59,        -105
100,      234,       51,        54,        300,       305,       133,       78,        177,       58,        -135
99,       234,       51,        56,        300,       305,       134,       77,        178,       59,        -120
101,      234,       51,        56,        301,       305,       135,       79,        178,       57,        -100
102,      235,       50,        57,        302,       307,       132,       79,        179,       58,        -80
102,      238,       54,        57,        304,       310,       136,       79,        183,       61,        35
102,      235,       53,        58,        304,       308,       137,       80,        179,       60,        -5
105,      239,       54,        58,        307,       313,       136,       81,        184,       62,        110
104,      238,       54,        59,        306,       311,       138,       82,        183,       61,        95
104,      239,       55,        59,        307,       313,       138,       81,        183,       64,        130
106,      241,       55,        60,        310,       314,       138,       83,        186,       63,        195
105,      239,       53,        60,        308,       312,       136,       82,        183,       62,        115
104,      239,       55,        59,        308,       314,       139,       82,        183,       62,        140
104,      238,       55,        61,        308,       312,       138,       83,        182,       61,        125
105,      240,       55,        60,        309,       315,       139,       82,        184,       63,        175
104,      240,       54,        58,        310,       314,       137,       80,        184,       62,        130
104,      238,       53,        60,        308,       312,       137,       82,        181,       60,        90
103,      240,       53,        57,        308,       315,       137,       80,        183,       62,        105
101,      239,       54,        58,        307,       313,       137,       79,        181,       62,        70
105,      239,       52,        58,        309,       313,       136,       82,        182,       59,        90
103,      239,       53,        58,        309,       313,       136,       80,        181,       61,        80
104,      239,       53,        58,        310,       313,       136,       82,        182,       59,        95
104,      240,       53,        57,        310,       315,       136,       79,        184,       61,        110
103,      237,       53,        58,        309,       313,       137,       80,        181,       61,        75
106,      240,       52,        57,        311,       315,       136,       81,        184,       60,        125
105,      239,       52,        59,        310,       314,       137,       82,        183,       59,        115
103,      238,       52,        58,        309,       314,       138,       81,        182,       60,        90
104,      241,       53,        57,        311,       317,       137,       79,        184,       61,        135
103,      241,       54,        58,        311,       317,       138,       80,        183,       61,        145
103,      241,       54,        58,        311,       318,       139,       80,        185,       62,        170
105,      241,       53,        59,        312,       317,       138,       81,        184,       61,        170
103,      241,       55,        59,        311,       318,       140,       80,        184,       62,        180
103,      240,       55,        58,        311,       318,       141,       80,        183,       61,        165
104,      242,       54,        58,        312,       319,       139,       80,        185,       62,        190
105,      241,       55,        59,        313,       320,       140,       80,        185,       62,        215
107,      241,       54,        60,        314,       317,       140,       82,        185,       60,        215
105,      242,       55,        59,        313,       320,       140,       81,        185,       62,        225
104,      242,       55,        58,        313,       320,       141,       80,        185,       62,        215
107,      242,       53,        58,        315,       319,       138,       81,        187,       61,        220
105,      242,       53,        60,        314,       319,       141,       81,        185,       61,        220
105,      242,       54,        60,        314,       319,       140,       82,        185,       61,        225
104,      244,       53,        57,        315,       321,       139,       79,        187,       62,        220
106,      242,       52,        59,        315,       320,       140,       81,        186,       60,        220
105,      242,       54,        60,        314,       320,       141,       81,        185,       61,        230
106,      243,       54,        58,        315,       322,       140,       80,        188,       62,        255
105,      242,       54,        59,        315,       320,       142,       81,        186,       61,        240
106,      245,       53,        56,        315,       322,       138,       79,        188,       61,        230
105,      244,       53,        57,        315,       322,       141,       79,        187,       61,        235
106,      243,       52,        56,        316,       321,       139,       80,        187,       61,        220
108,      243,       51,        59,        317,       321,       139,       81,        188,       59,        245
105,      245,       54,        58,        317,       323,       141,       79,        187,       63,        275
108,      248,       56,        59,        319,       326,       143,       81,        191,       64,        390
110,      247,       55,        60,        321,       326,       142,       82,        192,       63,        405
110,      247,       55,        61,        319,       325,       143,       84,        191,       63,        405
110,      250,       56,        61,        323,       327,       144,       85,        194,       65,        490
109,      249,       56,        60,        322,       326,       145,       82,        191,       66,        445
110,      249,       55,        62,        321,       326,       144,       85,        192,       64,        455
110,      249,       57,        62,        321,       327,       146,       84,        193,       65,        485
110,      249,       55,        61,        321,       327,       143,       83,        193,       64,        445
112,      251,       59,        63,        323,       330,       147,       87,        197,       66,        590
112,      251,       56,        61,        324,       328,       145,       84,        194,       65,        515
111,      250,       57,        62,        322,       327,       145,       84,        193,       65,        495
112,      253,       57,        61,        324,       330,       145,       83,        195,       67,        550
111,      250,       58,        63,        323,       329,       146,       85,        193,       65,        530
110,      250,       56,        60,        322,       328,       144,       83,        193,       64,        465
109,      251,       56,        60,        323,       329,       144,       81,        193,       65,        470
112,      251,       56,        60,        322,       329,       144,       84,        193,       65,        495
111,      250,       58,        63,        322,       328,       147,       85,        193,       64,        520
112,      250,       56,        61,        323,       328,       144,       85,        194,       63,        495
112,      249,       55,        63,        322,       328,       146,       84,        194,       63,        495
111,      250,       57,        63,        322,       328,       145,       84,        193,       65,        505
110,      251,       57,        63,        323,       329,       147,       85,        194,       66,        540
113,      252,       56,        63,        325,       330,       146,       85,        196,       65,        570
112,      252,       57,        62,        324,       330,       146,       84,        195,       65,        550
112,      252,       56,        63,        323,       330,       147,       85,        195,       65,        555
111,      253,       57,        61,        324,       330,       145,       82,        195,       66,        535
111,      252,       57,        61,        323,       330,       144,       82,        195,       65,        515
111,      251,       57,        61,        323,       330,       147,       83,        194,       65,        525
113,      252,       55,        61,        324,       330,       144,       84,        195,       65,        530
111,      251,       55,        60,        323,       329,       144,       83,        195,       64,        490
109,      249,       56,        62,        321,       327,       145,       83,        191,       63,        445
110,      251,       55,        61,        323,       329,       144,       83,        194,       64,        485
110,      253,       56,        59,        323,       331,       145,       81,        195,       65,        505
111,      250,       55,        62,        322,       328,       145,       83,        194,       63,        480
109,      252,       55,        59,        321,       330,       144,       81,        195,       65,        470
110,      250,       55,        61,        323,       328,       146,       83,        193,       63,        475
109,      249,       53,        61,        321,       327,       144,       82,        191,       61,        405
111,      250,       53,        60,        321,       327,       144,       82,        194,       61,        430
109,      250,       53,        58,        321,       328,       143,       80,        192,       62,        395
109,      252,       54,        58,        322,       330,       144,       81,        194,       64,        455
109,      249,       54,        60,        321,       327,       144,       81,        192,       62,        410
110,      250,       53,        60,        322,       327,       144,       82,        193,       62,        430
108,      250,       53,        58,        321,       328,       143,       79,        194,       62,        395
110,      251,       54,        59,        322,       329,       144,       82,        194,       62,        450
109,      252,       54,        58,        322,       329,       144,       80,        194,       63,        440
109,      251,       56,        60,        321,       329,       146,       81,        193,       64,        465
109,      250,       54,        58,        319,       328,       143,       79,        193,       62,        390
108,      250,       55,        58,        320,       329,       144,       79,        192,       63,        405
110,      250,       53,        57,        321,       328,       142,       80,        193,       61,        390
110,      250,       52,        57,        322,       328,       142,       81,        193,       61,        395
110,      250,       54,        60,        322,       328,       145,       81,        193,       62,        440
110,      252,       54,        58,        322,       329,       143,       81,        194,       62,        440
110,      251,       54,        60,        321,       328,       145,       81,        194,       61,        440
109,      249,       53,        60,        320,       327,       144,       81,        191,       61,        390
110,      251,       51,        58,        321,       328,       143,       81,        193,       60,        395
109,      252,       53,        57,        322,       330,       143,       79,        195,       62,        425
109,      250,       55,        59,        320,       329,       145,       80,        192,       63,        425
111,      252,       53,        58,        322,       329,       143,       80,        195,       61,        435
110,      250,       52,        58,        321,       328,       144,       80,        193,       60,        395
109,      250,       54,        59,        320,       329,       146,       80,        192,       62,        420
109,      251,       54,        58,        320,       328,       145,       80,        194,       62,        420
110,      251,       53,        58,        322,       329,       143,       81,        194,       60,        420
109,      253,       52,        58,        322,       330,       144,       79,        196,       63,        445
111,      251,       53,        57,        323,       329,       143,       80,        195,       61,        430
108,      252,       55,        58,        320,       331,       144,       79,        194,       63,        435
111,      253,       54,        60,        322,       329,       146,       81,        195,       62,        480
113,      254,       54,        59,        324,       331,       146,       82,        196,       64,        530
110,      254,       54,        58,        323,       331,       144,       80,        197,       63,        485
111,      253,       52,        57,        323,       330,       144,       80,        195,       62,        450
109,      251,       53,        59,        321,       329,       145,       79,        193,       61,        415
110,      253,       53,        57,        322,       331,       145,       79,        196,       63,        460
111,      252,       52,        58,        322,       329,       143,       80,        195,       61,        430
111,      253,       53,        59,        322,       330,       144,       81,        197,       62,        475
109,      252,       54,        59,        321,       329,       146,       80,        195,       62,        450
111,      252,       54,        60,        322,       330,       146,       80,        194,       62,        470
111,      253,       53,        58,        322,       330,       144,       81,        197,       62,        470
110,      252,       55,        60,        322,       331,       147,       80,        195,       63,        490
112,      254,       54,        58,        324,       331,       144,       80,        198,       62,        500
110,      253,       54,        60,        323,       331,       147,       80,        196,       63,        500
110,      253,       55,        58,        321,       331,       145,       79,        195,       63,        465
111,      252,       53,        59,        321,       330,       145,       81,        196,       60,        455
110,      251,       54,        59,        321,       329,       146,       79,        195,       63,        450
110,      252,       54,        58,        321,       330,       145,       79,        196,       62,        450
111,      253,       54,        59,        322,       331,       146,       80,        197,       62,        490
109,      252,       54,        58,        321,       331,       145,       79,        195,       63,        450
112,      253,       53,        60,        323,       331,       146,       81,        198,       61,        505
111,      253,       53,        57,        323,       331,       145,       80,        197,       62,        475
109,      253,       53,        57,        321,       331,       145,       79,        196,       63,        450
110,      255,       53,        57,        322,       332,       145,       79,        198,       62,        480
110,      255,       55,        58,        322,       333,       146,       79,        198,       64,        515
111,      255,       53,        57,        323,       332,       145,       79,        199,       62,        495
111,      254,       51,        57,        323,       331,       144,       81,        197,       60,        460
111,      254,       53,        57,        323,       330,       144,       79,        197,       61,        460
112,      254,       53,        59,        323,       331,       146,       80,        198,       61,        500
111,      253,       51,        58,        322,       330,       146,       80,        196,       61,        455
110,      254,       54,        58,        321,       332,       147,       79,        197,       63,        490
112,      255,       53,        58,        323,       332,       145,       80,        198,       62,        505
111,      254,       52,        59,        322,       330,       145,       80,        196,       61,        465
110,      255,       53,        57,        322,       331,       146,       78,        198,       62,        475
111,      253,       54,        59,        322,       332,       147,       79,        196,       62,        490
113,      254,       53,        60,        323,       331,       145,       81,        198,       61,        510
110,      254,       53,        58,        322,       333,       147,       79,        198,       63,        500
111,      255,       53,        57,        323,       331,       144,       78,        198,       62,        475
111,      256,       54,        58,        322,       334,       146,       79,        199,       63,        525
111,      256,       55,        59,        324,       334,       147,       80,        201,       64,        570
111,      255,       55,        59,        322,       333,       148,       80,        199,       63,        540
112,      256,       53,        58,        324,       333,       145,       80,        200,       62,        530
111,      254,       54,        58,        322,       333,       146,       80,        196,       62,        495
111,      256,       54,        58,        322,       333,       146,       79,        199,       62,        515
111,      255,       54,        58,        322,       333,       147,       79,        198,       62,        510
111,      255,       55,        59,        322,       333,       147,       80,        197,       62,        520
113,      256,       52,        57,        324,       333,       145,       80,        200,       61,        520
112,      255,       54,        59,        323,       331,       148,       79,        197,       62,        515
112,      254,       51,        57,        324,       332,       145,       79,        199,       60,        480
111,      256,       52,        57,        323,       332,       144,       78,        199,       61,        480
110,      254,       52,        58,        322,       331,       146,       79,        197,       61,        465
113,      258,       53,        58,        325,       334,       147,       79,        201,       63,        570
111,      254,       53,        58,        322,       331,       147,       80,        197,       61,        485
110,      252,       51,        57,        321,       330,       144,       78,        196,       59,        405
110,      255,       49,        55,        322,       331,       144,       78,        198,       60,        425
110,      254,       53,        57,        321,       330,       146,       79,        196,       61,        450
111,      256,       51,        55,        322,       331,       143,       77,        198,       60,        435
110,      253,       51,        56,        320,       330,       145,       77,        195,       59,        395
111,      254,       51,        57,        322,       331,       144,       79,        196,       59,        435
110,      258,       52,        57,        324,       334,       145,       77,        201,       62,        515
111,      255,       53,        59,        322,       331,       147,       80,        197,       61,        495
111,      257,       54,        58,        323,       334,       148,       79,        199,       63,        545
112,      256,       54,        59,        324,       333,       149,       81,        198,       61,        550
111,      258,       54,        58,        323,       334,       147,       79,        200,       64,        555
112,      257,       55,        61,        324,       333,       148,       80,        200,       63,        580
113,      258,       53,        57,        324,       334,       145,       80,        199,       62,        540
113,      258,       51,        59,        325,       333,       145,       80,        200,       60,        535
112,      256,       53,        59,        322,       332,       147,       79,        198,       62,        515
112,      257,       54,        58,        323,       334,       147,       78,        201,       63,        550
112,      258,       52,        57,        323,       333,       145,       78,        199,       62,        510
113,      258,       52,        59,        323,       333,       145,       81,        199,       62,        540
113,      258,       51,        58,        324,       333,       146,       80,        201,       61,        540
112,      258,       53,        57,        322,       334,       146,       78,        199,       62,        520
113,      257,       52,        58,        323,       333,       146,       80,        201,       61,        535
112,      258,       53,        58,        323,       332,       147,       79,        200,       62,        535
112,      257,       53,        58,        322,       333,       146,       78,        198,       62,        510
113,      258,       51,        58,        324,       334,       145,       78,        201,       61,        530
113,      257,       51,        59,        324,       333,       146,       80,        200,       60,        530
112,      259,       53,        57,        324,       334,       145,       78,        201,       62,        540
113,      258,       54,        59,        324,       333,       148,       80,        200,       61,        565
114,      258,       52,        59,        324,       333,       146,       81,        200,       61,        555
114,      258,       51,        59,        324,       333,       146,       79,        201,       61,        545
113,      258,       52,        59,        324,       333,       146,       79,        200,       61,        540
112,      259,       53,        57,        323,       335,       146,       78,        202,       63,        555
111,      260,       53,        57,        323,       335,       147,       77,        200,       64,        550
113,      259,       51,        58,        324,       333,       145,       80,        200,       61,        535
112,      259,       52,        57,        323,       334,       147,       78,        201,       61,        535
111,      258,       53,        57,        322,       334,       147,       77,        200,       62,        520
112,      259,       52,        58,        323,       334,       147,       78,        202,       62,        550
114,      259,       52,        58,        324,       334,       147,       79,        201,       61,        560
113,      258,       52,        58,        323,       333,       147,       79,        199,       60,        525
113,      259,       54,        58,        325,       334,       149,       79,        201,       62,        585
112,      259,       53,        57,        323,       334,       147,       78,        202,       62,        550
114,      259,       51,        57,        324,       334,       145,       78,        203,       60,        540
114,      260,       52,        56,        324,       334,       147,       77,        202,       61,        550
112,      259,       51,        56,        323,       334,       145,       77,        201,       61,        510
113,      259,       52,        59,        324,       333,       147,       80,        202,       60,        560
114,      260,       53,        57,        324,       334,       146,       78,        201,       62,        560
114,      259,       51,        59,        324,       334,       147,       80,        203,       60,        570
114,      261,       52,        57,        324,       335,       147,       77,        203,       62,        575
112,      261,       52,        56,        325,       335,       146,       77,        202,       62,        555
113,      261,       52,        56,        324,       335,       147,       77,        203,       62,        565
113,      259,       51,        59,        324,       334,       147,       79,        200,       61,        550
113,      261,       52,        57,        324,       336,       146,       77,        202,       62,        565
112,      261,       53,        58,        323,       335,       148,       77,        202,       63,        575
115,      260,       51,        59,        324,       334,       146,       79,        201,       61,        565
113,      260,       54,        57,        323,       334,       149,       78,        202,       62,        575
114,      259,       51,        58,        324,       333,       146,       79,        201,       60,        540
113,      261,       53,        56,        324,       336,       146,       77,        203,       63,        575
115,      261,       51,        56,        324,       335,       146,       77,        203,       61,        560
114,      259,       52,        58,        323,       334,       148,       78,        200,       60,        545
113,      260,       53,        57,        323,       334,       148,       78,        202,       62,        565
113,      260,       53,        57,        323,       336,       147,       77,        201,       62,        560
112,      261,       51,        58,        324,       335,       146,       78,        203,       61,        560
112,      261,       52,        56,        323,       336,       147,       77,        201,       62,        550
114,      261,       51,        56,        324,       335,       145,       78,        202,       61,        550
115,      261,       51,        59,        325,       335,       147,       79,        204,       60,        595
115,      260,       50,        58,        324,       333,       146,       78,        201,       60,        540
114,      262,       53,        57,        325,       336,       147,       77,        204,       62,        600
114,      260,       51,        58,        324,       334,       146,       79,        202,       60,        555
113,      261,       52,        56,        323,       335,       147,       77,        202,       62,        555
115,      260,       50,        58,        323,       334,       146,       79,        203,       59,        550
114,      262,       52,        56,        323,       335,       146,       77,        203,       61,        560
115,      261,       50,        56,        325,       336,       146,       78,        205,       61,        580
113,      262,       54,        58,        324,       336,       149,       78,        203,       63,        615
114,      261,       52,        58,        324,       335,       147,       79,        201,       60,        570
114,      262,       53,        57,        324,       336,       148,       77,        203,       62,        595
114,      261,       52,        57,        324,       336,       148,       77,        202,       62,        580
114,      263,       51,        57,        325,       336,       146,       77,        205,       61,        590
115,      261,       51,        58,        325,       335,       147,       79,        203,       60,        585
115,      262,       50,        58,        324,       335,       147,       79,        202,       61,        580
115,      264,       51,        56,        325,       337,       147,       77,        205,       62,        610
113,      262,       53,        57,        324,       337,       148,       77,        204,       63,        605
114,      261,       52,        59,        324,       336,       148,       78,        203,       61,        595
116,      263,       52,        58,        326,       336,       148,       79,        204,       61,        630
115,      264,       51,        57,        326,       337,       147,       79,        204,       62,        625
115,      263,       51,        58,        325,       336,       149,       78,        204,       62,        620
114,      263,       52,        57,        325,       336,       147,       77,        204,       62,        600
115,      262,       52,        59,        325,       336,       149,       79,        205,       61,        630
115,      262,       51,        57,        325,       336,       147,       79,        203,       61,        595
115,      263,       51,        58,        325,       336,       147,       78,        204,       61,        605
113,      264,       53,        57,        324,       337,       149,       77,        204,       63,        620
114,      263,       52,        57,        324,       337,       148,       77,        203,       62,        600
115,      263,       52,        58,        325,       337,       149,       78,        204,       61,        625
113,      261,       51,        57,        323,       334,       148,       77,        202,       60,        545
114,      262,       53,        58,        324,       337,       149,       77,        203,       62,        610
117,      264,       51,        58,        326,       337,       147,       79,        206,       61,        645
116,      264,       52,        57,        326,       337,       148,       78,        205,       62,        640
116,      264,       53,        59,        326,       337,       149,       79,        206,       61,        665
115,      265,       54,        58,        325,       338,       150,       78,        204,       64,        670
115,      264,       53,        58,        324,       338,       149,       78,        204,       63,        645
117,      264,       52,        59,        326,       337,       149,       79,        206,       61,        665
115,      265,       53,        57,        326,       338,       148,       77,        205,       63,        650
115,      266,       53,        57,        325,       339,       148,       77,        207,       63,        665
115,      264,       53,        59,        325,       337,       150,       78,        205,       63,        660
117,      265,       52,        59,        325,       338,       149,       79,        205,       62,        670
114,      266,       53,        57,        326,       338,       150,       78,        205,       63,        665
116,      266,       52,        56,        326,       338,       147,       77,        206,       62,        645
117,      267,       53,        58,        327,       339,       148,       79,        208,       62,        705
119,      267,       53,        60,        328,       340,       150,       81,        208,       63,        760
120,      267,       55,        62,        328,       341,       152,       81,        208,       63,        800
117,      270,       55,        60,        330,       342,       152,       80,        209,       65,        815
119,      267,       53,        61,        328,       340,       151,       81,        208,       63,        770
120,      268,       52,        60,        329,       340,       149,       80,        210,       63,        770
119,      271,       56,        60,        328,       342,       151,       80,        210,       67,        835
123,      274,       59,        64,        332,       347,       156,       84,        214,       69,        1025
120,      271,       56,        61,        331,       343,       153,       81,        212,       67,        890
119,      268,       56,        63,        329,       341,       154,       82,        209,       66,        850
122,      272,       56,        63,        331,       343,       153,       83,        213,       66,        925
120,      272,       57,        63,        329,       343,       154,       81,        210,       67,        895
119,      271,       56,        61,        330,       343,       152,       81,        212,       67,        875
122,      272,       57,        63,        332,       345,       154,       81,        214,       67,        950
121,      270,       56,        62,        330,       342,       153,       82,        211,       66,        880
121,      269,       55,        63,        330,       342,       153,       83,        212,       64,        875
121,      269,       57,        63,        329,       342,       154,       82,        210,       66,        880
120,      272,       56,        61,        331,       344,       152,       81,        213,       67,        900
121,      271,       58,        63,        330,       342,       155,       83,        212,       66,        920
123,      272,       55,        62,        331,       342,       151,       83,        211,       65,        890
123,      272,       55,        63,        332,       344,       153,       82,        214,       66,        935
122,      271,       55,        62,        331,       342,       152,       82,        211,       65,        880
121,      269,       55,        62,        328,       341,       153,       82,        210,       64,        840
122,      271,       56,        62,        332,       344,       154,       82,        213,       65,        920
122,      270,       55,        62,        330,       342,       152,       83,        212,       64,        875
121,      271,       55,        62,        331,       343,       154,       83,        213,       64,        900
121,      271,       57,        64,        330,       342,       154,       82,        211,       66,        905
120,      270,       57,        62,        329,       344,       154,       81,        211,       66,        885
122,      272,       55,        62,        331,       344,       152,       82,        214,       65,        910
122,      271,       55,        61,        331,       343,       152,       82,        212,       65,        885
121,      270,       56,        63,        330,       343,       154,       83,        212,       65,        900
123,      274,       55,        61,        332,       344,       153,       82,        214,       66,        935
121,      272,       55,        61,        331,       344,       153,       83,        213,       66,        910
122,      272,       55,        61,        331,       344,       153,       81,        214,       65,        905
120,      272,       55,        60,        329,       343,       151,       79,        212,       65,        845
121,      272,       54,        61,        331,       343,       151,       80,        214,       65,        875
121,      272,       55,        61,        331,       343,       153,       82,        213,       65,        895
118,      271,       55,        59,        329,       343,       152,       79,        211,       65,        825
121,      271,       53,        60,        330,       343,       152,       80,        212,       64,        845
120,      270,       53,        60,        330,       342,       152,       81,        211,       64,        830
122,      272,       54,        60,        330,       343,       152,       80,        214,       65,        875
118,      271,       55,        60,        328,       342,       153,       79,        211,       66,        830
122,      271,       54,        61,        330,       342,       151,       81,        211,       64,        850
122,      272,       54,        61,        331,       343,       153,       82,        214,       65,        900
123,      274,       55,        62,        332,       343,       153,       83,        214,       65,        935
121,      271,       54,        62,        329,       343,       152,       82,        212,       64,        865
120,      272,       54,        59,        330,       343,       152,       79,        213,       64,        845
120,      269,       54,        61,        328,       341,       153,       79,        210,       63,        805
120,      271,       54,        61,        329,       342,       153,       81,        212,       64,        850
121,      271,       53,        61,        330,       342,       152,       81,        212,       63,        845
121,      271,       53,        60,        329,       342,       151,       79,        213,       63,        825
121,      272,       56,        62,        330,       342,       154,       81,        213,       64,        890
122,      272,       55,        63,        330,       343,       154,       82,        213,       64,        905
123,      273,       54,        60,        331,       344,       153,       81,        215,       65,        910
121,      274,       57,        61,        331,       345,       155,       82,        213,       67,        945
121,      273,       54,        61,        331,       343,       152,       82,        213,       64,        885
119,      271,       55,        59,        328,       343,       153,       79,        211,       65,        830
121,      271,       53,        59,        329,       343,       150,       79,        212,       63,        815
121,      271,       54,        61,        329,       343,       154,       80,        212,       63,        855
120,      271,       55,        60,        329,       342,       153,       79,        210,       65,        835
120,      271,       55,        61,        329,       343,       154,       81,        211,       64,        860
122,      272,       54,        60,        330,       344,       152,       80,        213,       64,        870
119,      271,       55,        60,        327,       342,       153,       79,        211,       65,        825
120,      273,       53,        59,        329,       343,       152,       79,        213,       63,        835
119,      272,       54,        58,        329,       343,       152,       78,        212,       64,        820
120,      272,       54,        61,        329,       342,       153,       80,        212,       64,        850
121,      273,       54,        59,        331,       344,       152,       79,        214,       64,        870
119,      272,       55,        59,        327,       343,       153,       79,        211,       64,        825
122,      272,       53,        59,        329,       342,       151,       79,        212,       62,        820
121,      270,       52,        60,        329,       341,       151,       80,        212,       62,        805
122,      272,       53,        59,        329,       342,       150,       80,        212,       62,        820
121,      273,       53,        61,        330,       343,       154,       81,        213,       63,        875
119,      272,       52,        57,        327,       341,       150,       77,        212,       62,        760
120,      273,       53,        57,        329,       343,       151,       79,        213,       63,        820
121,      272,       52,        59,        330,       342,       151,       79,        212,       62,        815
121,      274,       54,        59,        330,       343,       152,       79,        214,       64,        865
120,      273,       55,        59,        329,       345,       153,       79,        213,       65,        870
120,      274,       54,        59,        329,       344,       153,       79,        213,       64,        860
