0,        1,         2,         3,         4,         5,         6,         7,         8,         9,         "T"
383,10,-54,116,
144,      305,       159,       240,       207,       249,       203,       28,        196,       39,        0
143,      306,       159,       239,       207,       248,       202,       29,        194,       39,        0
143,      306,       159,       240,       207,       248,       205,       28,        195,       39,        0
142,      307,       159,       239,       208,       250,       205,       28,        197,       39,        0
142,      305,       158,       240,       207,       248,       203,       28,        194,       40,        0
143,      306,       159,       240,       208,       249,       204,       28,        196,       39,        0
143,      306,       159,       240,       207,       248,       204,       28,        194,       38,        0
143,      306,       159,       240,       208,       248,       204,       28,        195,       39,        0
142,      307,       158,       240,       208,       248,       204,       28,        195,       40,        0
142,      307,       159,       240,       208,       248,       203,       28,        195,       39,        0
142,      305,       160,       239,       208,       249,       204,       28,        196,       39,        0
142,      305,       159,       239,       208,       248,       202,       28,        194,       39,        0
142,      305,       158,       240,       207,       249,       204,       29,        196,       38,        0
142,      306,       160,       239,       208,       248,       203,       29,        196,       39,        0
143,      305,       159,       240,       208,       248,       203,       28,        194,       39,        0
143,      305,       160,       239,       208,       249,       203,       29,        196,       39,        0
142,      306,       159,       240,       208,       247,       203,       29,        193,       40,        0
142,      306,       159,       239,       208,       248,       203,       28,        196,       39,        0
142,      307,       158,       239,       208,       248,       204,       28,        196,       40,        0
142,      305,       159,       240,       207,       249,       203,       28,        195,       39,        0
144,      306,       160,       239,       208,       248,       203,       28,        195,       39,        0
142,      306,       159,       240,       207,       248,       204,       28,        194,       40,        0
143,      305,       160,       240,       208,       248,       203,       29,        194,       39,        0
142,      306,       159,       239,       207,       248,       203,       29,        195,       38,        0
144,      306,       158,       240,       207,       247,       204,       28,        195,       39,        0
141,      306,       158,       240,       207,       248,       203,       28,        194,       40,        0
142,      305,       159,       239,       207,       248,       203,       28,        194,       39,        -20
142,      306,       159,       239,       208,       248,       204,       29,        194,       39,        0
142,      306,       159,       239,       208,       248,       204,       29,        195,       39,        5
142,      305,       159,       239,       207,       248,       203,       28,        194,       39,        -20
142,      305,       159,       239,       208,       248,       204,       28,        194,       39,        -10
143,      306,       158,       240,       207,       248,       204,       28,        195,       39,        0
142,      306,       158,       239,       207,       247,       204,       28,        193,       40,        -20
143,      305,       158,       240,       208,       248,       205,       27,        195,       39,        0
142,      305,       159,       240,       207,       248,       203,       28,        195,       38,        -15
142,      305,       157,       239,       207,       247,       203,       27,        194,       39,        -40
142,      304,       158,       239,       207,       249,       204,       28,        195,       39,        -15
141,      305,       157,       238,       208,       246,       203,       28,        192,       39,        -55
143,      304,       158,       239,       208,       248,       205,       28,        195,       38,        -10
141,      305,       158,       238,       209,       249,       204,       29,        194,       39,        -10
142,      305,       157,       238,       208,       248,       203,       28,        193,       40,        -30
142,      303,       159,       238,       208,       249,       202,       28,        194,       39,        -30
142,      304,       159,       238,       208,       250,       204,       28,        196,       39,        0
141,      304,       158,       239,       207,       249,       204,       28,        195,       39,        -20
142,      304,       158,       239,       207,       248,       204,       28,        194,       38,        -30
142,      304,       159,       238,       208,       250,       204,       28,        194,       38,        -15
142,      305,       157,       238,       208,       249,       206,       28,        196,       39,        0
141,      304,       158,       238,       208,       249,       204,       29,        193,       38,        -30
142,      305,       158,       238,       209,       249,       205,       28,        196,       40,        10
142,      305,       159,       238,       208,       250,       204,       28,        194,       38,        -10
142,      303,       158,       238,       209,       250,       205,       28,        194,       39,        -10
143,      305,       157,       238,       209,       249,       206,       28,        196,       39,        10
142,      305,       158,       239,       209,       249,       206,       27,        195,       40,        10
143,      304,       158,       238,       209,       249,       205,       27,        196,       39,        0
142,      306,       158,       238,       210,       249,       207,       28,        195,       40,        25
143,      306,       158,       238,       209,       251,       206,       28,        196,       38,        25
142,      304,       159,       238,       209,       251,       205,       28,        196,       38,        10
143,      304,       158,       239,       209,       250,       207,       27,        197,       39,        25
143,      306,       157,       238,       210,       250,       207,       28,        197,       39,        35
142,      305,       159,       239,       209,       251,       206,       28,        196,       39,        30
143,      305,       157,       239,       210,       249,       208,       28,        196,       38,        25
143,      306,       159,       239,       210,       251,       207,       28,        197,       38,        50
141,      306,       158,       238,       211,       250,       208,       28,        195,       39,        30
142,      306,       158,       239,       210,       251,       208,       28,        196,       40,        50
143,      306,       159,       238,       211,       252,       208,       29,        197,       38,        65
143,      306,       157,       238,       211,       250,       208,       28,        195,       39,        35
143,      307,       158,       238,       212,       251,       208,       28,        196,       39,        60
144,      306,       159,       239,       210,       252,       208,       28,        199,       38,        75
143,      307,       159,       239,       212,       250,       208,       28,        196,       39,        65
143,      308,       159,       238,       211,       252,       209,       28,        198,       39,        85
143,      307,       159,       239,       211,       252,       208,       27,        197,       38,        65
143,      307,       158,       240,       211,       252,       210,       28,        197,       39,        85
144,      308,       158,       239,       212,       252,       210,       27,        199,       39,        100
144,      308,       158,       239,       212,       252,       208,       27,        200,       39,        95
144,      308,       158,       240,       213,       252,       209,       28,        197,       40,        105
145,      308,       157,       241,       212,       252,       211,       27,        198,       40,        115
144,      309,       159,       239,       212,       253,       210,       28,        199,       40,        125
144,      309,       159,       239,       212,       252,       209,       28,        200,       39,        115
145,      308,       158,       241,       212,       253,       209,       28,        198,       39,        115
144,      309,       158,       239,       214,       252,       211,       29,        199,       39,        130
143,      309,       158,       240,       212,       253,       211,       28,        198,       40,        120
145,      309,       159,       240,       213,       253,       212,       28,        200,       39,        150
146,      309,       159,       240,       212,       254,       211,       28,        201,       39,        155
144,      309,       159,       240,       213,       253,       212,       28,        199,       40,        145
145,      312,       158,       240,       214,       253,       213,       28,        200,       40,        175
144,      311,       159,       239,       214,       254,       212,       29,        200,       39,        165
144,      311,       159,       240,       214,       253,       212,       28,        200,       40,        165
145,      312,       159,       240,       214,       254,       212,       27,        201,       40,        180
145,      310,       160,       240,       213,       254,       212,       29,        201,       39,        175
147,      311,       159,       240,       214,       254,       213,       27,        200,       39,        180
146,      311,       160,       240,       214,       255,       212,       29,        201,       39,        195
144,      311,       160,       240,       215,       254,       214,       28,        201,       40,        195
145,      312,       159,       241,       215,       254,       214,       28,        201,       40,        205
146,      312,       160,       241,       214,       254,       213,       29,        200,       40,        205
147,      312,       160,       241,       214,       254,       214,       28,        202,       39,        215
145,      312,       159,       241,       214,       254,       215,       27,        202,       39,        200
146,      312,       159,       241,       214,       254,       215,       27,        201,       40,        205
146,      312,       159,       242,       214,       255,       215,       28,        202,       39,        220
144,      312,       160,       240,       215,       254,       213,       28,        202,       41,        205
145,      313,       159,       241,       215,       254,       214,       28,        201,       40,        210
146,      314,       159,       241,       215,       255,       215,       28,        203,       39,        235
145,      314,       160,       241,       215,       254,       214,       29,        201,       40,        225
147,      313,       160,       241,       216,       255,       215,       29,        203,       39,        250
146,      313,       160,       241,       215,       255,       214,       28,        203,       40,        235
146,      313,       159,       241,       215,       254,       215,       27,        201,       39,        210
145,      314,       160,       241,       216,       254,       216,       28,        203,       41,        250
146,      313,       160,       242,       214,       255,       215,       28,        202,       39,        230
146,      313,       160,       242,       215,       254,       214,       28,        202,       39,        225
148,      313,       160,       241,       214,       256,       216,       28,        205,       39,        260
146,      315,       159,       242,       215,       255,       217,       27,        204,       40,        260
146,      314,       159,       243,       215,       255,       215,       28,        202,       40,        245
146,      314,       160,       241,       215,       255,       215,       29,        202,       39,        240
147,      314,       160,       242,       216,       254,       217,       28,        204,       40,        270
146,      316,       160,       242,       215,       255,       215,       29,        203,       40,        265
146,      314,       161,       241,       215,       255,       216,       29,        202,       40,        255
147,      315,       160,       241,       216,       255,       217,       29,        203,       40,        275
146,      314,       160,       241,       216,       256,       216,       28,        203,       39,        255
146,      314,       159,       243,       215,       255,       217,       28,        204,       40,        265
147,      315,       160,       242,       216,       255,       216,       29,        204,       40,        280
146,      315,       159,       242,       216,       254,       216,       28,        204,       40,        260
147,      314,       160,       243,       215,       256,       217,       28,        205,       39,        280
146,      315,       160,       242,       215,       256,       217,       28,        205,       40,        280
148,      315,       161,       241,       215,       254,       216,       28,        203,       40,        265
146,      316,       161,       242,       216,       256,       218,       27,        205,       41,        300
148,      316,       160,       242,       216,       256,       218,       28,        205,       40,        305
146,      315,       160,       242,       216,       255,       216,       29,        203,       40,        270
147,      316,       159,       243,       215,       254,       217,       28,        203,       40,        270
149,      316,       160,       242,       216,       256,       218,       27,        206,       40,        310
149,      317,       160,       242,       216,       256,       217,       29,        205,       39,        310
147,      316,       161,       242,       216,       255,       216,       29,        203,       40,        285
148,      317,       160,       242,       217,       255,       218,       28,        205,       41,        315
147,      316,       161,       243,       214,       256,       218,       28,        206,       39,        300
147,      316,       161,       243,       215,       254,       217,       28,        204,       40,        285
148,      316,       161,       243,       216,       256,       219,       28,        207,       40,        330
148,      316,       161,       242,       216,       255,       217,       29,        204,       40,        300
147,      317,       161,       242,       216,       255,       217,       29,        204,       40,        300
148,      317,       160,       243,       216,       255,       219,       28,        205,       40,        315
147,      317,       161,       242,       215,       256,       218,       28,        206,       40,        310
148,      317,       161,       243,       216,       254,       218,       28,        204,       40,        305
148,      317,       161,       243,       215,       257,       219,       28,        205,       39,        320
147,      318,       161,       243,       216,       256,       219,       28,        206,       41,        335
147,      317,       161,       243,       216,       255,       218,       29,        206,       40,        320
148,      317,       160,       244,       216,       256,       218,       28,        205,       40,        320
148,      317,       161,       243,       217,       256,       218,       29,        205,       40,        330
148,      317,       161,       243,       215,       256,       219,       28,        206,       40,        325
148,      318,       161,       243,       215,       256,       218,       27,        205,       39,        310
149,      317,       162,       243,       216,       256,       219,       28,        207,       40,        345
148,      317,       162,       243,       215,       256,       218,       28,        206,       40,        325
148,      317,       160,       243,       216,       256,       219,       28,        205,       40,        320
148,      318,       161,       243,       216,       256,       219,       29,        207,       40,        345
149,      317,       161,       243,       215,       256,       218,       28,        205,       40,        320
150,      317,       161,       243,       215,       256,       219,       27,        207,       40,        335
149,      319,       160,       244,       217,       255,       220,       28,        206,       40,        350
148,      318,       160,       244,       216,       255,       220,       28,        206,       40,        335
149,      318,       162,       243,       217,       256,       219,       28,        207,       40,        355
148,      317,       161,       244,       216,       256,       219,       28,        208,       40,        345
148,      319,       160,       243,       216,       256,       220,       28,        206,       41,        345
150,      318,       161,       243,       215,       256,       219,       28,        207,       39,        340
148,      319,       160,       244,       217,       255,       220,       28,        206,       41,        350
149,      318,       160,       244,       215,       257,       219,       28,        207,       39,        340
148,      319,       161,       244,       217,       255,       220,       28,        206,       41,        355
150,      319,       160,       245,       216,       256,       220,       27,        208,       40,        365
148,      320,       161,       243,       217,       256,       220,       29,        207,       40,        365
150,      318,       161,       245,       215,       256,       220,       27,        206,       39,        345
149,      320,       161,       243,       217,       256,       221,       27,        207,       41,        370
149,      319,       161,       244,       216,       256,       221,       28,        208,       39,        365
149,      319,       161,       244,       216,       256,       220,       27,        207,       40,        355
149,      319,       162,       243,       216,       256,       220,       28,        209,       40,        370
150,      319,       161,       244,       216,       255,       220,       28,        206,       40,        355
148,      319,       161,       245,       216,       255,       222,       28,        207,       40,        365
149,      319,       161,       245,       216,       256,       221,       27,        209,       40,        375
149,      320,       160,       244,       216,       255,       221,       28,        206,       41,        360
150,      319,       162,       243,       217,       256,       220,       29,        208,       40,        380
149,      319,       162,       245,       216,       255,       222,       28,        208,       41,        385
148,      320,       161,       244,       216,       255,       220,       29,        207,       40,        360
149,      319,       162,       244,       216,       256,       220,       28,        207,       41,        370
149,      320,       162,       244,       217,       256,       221,       28,        209,       40,        390
149,      320,       162,       245,       217,       256,       221,       28,        209,       40,        395
149,      319,       162,       245,       216,       256,       220,       28,        208,       40,        375
148,      321,       161,       244,       217,       254,       221,       29,        208,       41,        380
151,      321,       161,       244,       216,       256,       221,       28,        210,       40,        400
149,      320,       161,       245,       216,       256,       220,       28,        208,       40,        375
149,      321,       161,       245,       217,       255,       221,       28,        208,       40,        385
149,      321,       162,       244,       216,       256,       222,       27,        209,       41,        395
149,      320,       161,       245,       216,       255,       222,       28,        207,       41,        380
151,      320,       161,       246,       216,       256,       222,       27,        209,       40,        400
150,      322,       161,       244,       217,       256,       222,       29,        208,       41,        410
149,      320,       162,       244,       215,       257,       221,       28,        208,       40,        380
150,      321,       162,       244,       217,       256,       221,       28,        209,       40,        400
150,      321,       161,       245,       216,       256,       223,       27,        209,       41,        405
150,      321,       161,       245,       217,       256,       222,       28,        209,       40,        405
150,      321,       162,       245,       216,       256,       221,       28,        209,       41,        405
150,      322,       162,       244,       216,       255,       222,       28,        209,       41,        405
150,      320,       162,       245,       217,       256,       222,       28,        209,       40,        405
149,      321,       162,       245,       216,       256,       221,       29,        208,       40,        395
150,      322,       162,       246,       216,       255,       222,       27,        209,       41,        410
150,      322,       161,       246,       216,       256,       222,       28,        210,       41,        420
149,      321,       162,       245,       215,       257,       221,       28,        209,       40,        395
149,      322,       161,       245,       217,       256,       223,       28,        209,       42,        420
151,      321,       162,       246,       215,       256,       223,       28,        210,       40,        420
151,      321,       162,       245,       216,       256,       221,       28,        208,       40,        400
151,      322,       162,       245,       217,       257,       222,       28,        211,       40,        435
151,      321,       162,       245,       215,       256,       222,       28,        209,       40,        405
151,      321,       162,       246,       216,       256,       223,       28,        209,       40,        420
151,      322,       162,       244,       217,       257,       223,       27,        211,       40,        430
150,      322,       162,       246,       216,       255,       222,       28,        208,       41,        410
150,      322,       163,       245,       218,       256,       222,       29,        210,       41,        440
150,      322,       163,       246,       218,       256,       223,       28,        211,       41,        450
150,      322,       162,       246,       215,       256,       222,       28,        209,       40,        410
150,      321,       163,       245,       217,       255,       222,       29,        208,       40,        410
152,      321,       162,       246,       217,       256,       222,       27,        212,       40,        435
150,      323,       162,       246,       217,       256,       224,       28,        210,       41,        445
150,      323,       163,       245,       217,       256,       222,       29,        209,       40,        430
149,      322,       163,       245,       216,       256,       223,       28,        211,       41,        430
151,      323,       162,       246,       216,       256,       223,       28,        212,       41,        450
150,      322,       163,       246,       216,       255,       223,       29,        209,       41,        430
150,      322,       163,       246,       217,       255,       223,       28,        211,       41,        440
151,      324,       162,       246,       217,       256,       223,       28,        210,       40,        445
150,      322,       164,       245,       217,       256,       222,       29,        210,       41,        440
150,      324,       162,       246,       217,       256,       223,       28,        210,       42,        450
152,      322,       162,       246,       216,       258,       223,       28,        212,       40,        455
152,      323,       163,       246,       217,       256,       222,       28,        211,       40,        450
150,      324,       163,       246,       218,       257,       223,       28,        212,       41,        470
150,      323,       163,       246,       216,       256,       223,       28,        210,       41,        440
150,      323,       163,       246,       217,       255,       222,       29,        209,       41,        435
151,      323,       164,       246,       217,       258,       223,       28,        212,       40,        470
151,      324,       163,       246,       217,       257,       223,       28,        212,       40,        465
152,      323,       162,       247,       216,       255,       223,       28,        209,       41,        440
151,      324,       162,       246,       217,       255,       223,       28,        210,       42,        450
151,      324,       163,       245,       218,       256,       224,       29,        211,       42,        475
152,      323,       162,       247,       216,       256,       223,       27,        212,       41,        455
152,      324,       162,       246,       217,       256,       223,       27,        210,       42,        455
151,      325,       162,       247,       216,       256,       225,       27,        212,       41,        470
150,      323,       163,       247,       216,       256,       223,       29,        209,       41,        445
151,      323,       163,       247,       217,       257,       223,       28,        212,       41,        470
151,      324,       163,       247,       216,       255,       224,       28,        212,       41,        465
150,      323,       163,       247,       216,       256,       224,       28,        210,       41,        450
152,      324,       163,       247,       217,       256,       224,       27,        210,       41,        465
152,      324,       164,       246,       216,       257,       224,       28,        212,       41,        480
151,      325,       163,       247,       217,       256,       223,       28,        212,       41,        475
152,      323,       163,       247,       216,       257,       222,       27,        211,       40,        450
151,      324,       163,       247,       217,       256,       224,       28,        210,       41,        465
152,      325,       162,       248,       217,       255,       224,       27,        213,       41,        480
151,      326,       163,       247,       217,       256,       223,       29,        212,       41,        485
151,      325,       163,       248,       217,       255,       224,       28,        210,       41,        470
152,      324,       163,       247,       216,       257,       224,       28,        211,       40,        470
153,      324,       163,       248,       216,       256,       224,       28,        213,       41,        490
151,      324,       163,       247,       217,       256,       222,       28,        211,       41,        460
152,      324,       164,       247,       217,       257,       224,       28,        213,       40,        490
151,      325,       163,       247,       218,       256,       223,       29,        211,       41,        480
152,      324,       163,       247,       217,       255,       224,       27,        211,       41,        465
152,      325,       163,       248,       216,       257,       224,       27,        213,       41,        490
152,      324,       163,       249,       216,       256,       223,       27,        212,       41,        475
153,      325,       164,       247,       217,       257,       223,       28,        213,       41,        500
152,      326,       164,       247,       217,       256,       224,       28,        212,       41,        495
151,      324,       164,       247,       217,       257,       223,       28,        212,       40,        475
152,      325,       163,       247,       216,       256,       223,       28,        212,       40,        470
153,      325,       163,       247,       216,       257,       225,       27,        213,       41,        495
151,      325,       164,       247,       216,       257,       223,       28,        213,       40,        480
152,      325,       163,       247,       217,       256,       223,       28,        212,       41,        480
151,      326,       163,       247,       217,       256,       224,       28,        212,       40,        480
152,      327,       163,       247,       217,       256,       224,       29,        212,       41,        500
153,      325,       163,       248,       217,       256,       223,       27,        213,       40,        485
153,      325,       165,       248,       217,       256,       224,       28,        213,       40,        505
152,      325,       164,       247,       218,       256,       224,       29,        213,       41,        505
151,      326,       164,       248,       217,       256,       223,       28,        211,       42,        490
154,      325,       164,       249,       217,       257,       224,       27,        213,       40,        510
152,      326,       163,       248,       216,       256,       224,       28,        213,       42,        500
152,      325,       164,       249,       216,       256,       223,       28,        212,       41,        490
153,      326,       163,       249,       217,       257,       225,       28,        214,       42,        530
152,      326,       164,       248,       216,       257,       223,       28,        212,       41,        495
153,      325,       164,       248,       216,       257,       223,       28,        212,       41,        495
154,      325,       164,       248,       217,       257,       225,       28,        214,       42,        530
152,      326,       164,       248,       217,       257,       224,       28,        213,       40,        505
152,      327,       164,       248,       216,       256,       224,       28,        212,       41,        500
151,      326,       163,       249,       215,       255,       224,       27,        211,       42,        475
153,      326,       163,       249,       216,       257,       225,       28,        213,       42,        520
153,      327,       164,       249,       217,       256,       225,       28,        214,       41,        530
154,      326,       164,       249,       216,       256,       224,       27,        212,       41,        505
153,      325,       164,       249,       217,       257,       224,       28,        212,       41,        510
152,      326,       165,       248,       217,       257,       224,       29,        214,       41,        525
153,      326,       164,       249,       216,       255,       224,       27,        212,       41,        495
153,      327,       164,       249,       217,       256,       225,       28,        213,       42,        530
152,      327,       165,       249,       216,       257,       224,       28,        213,       40,        515
152,      326,       164,       249,       217,       257,       223,       28,        212,       41,        505
153,      327,       164,       249,       217,       256,       224,       29,        214,       41,        530
154,      326,       164,       249,       216,       257,       223,       27,        213,       40,        505
154,      328,       165,       248,       216,       257,       224,       27,        214,       41,        530
153,      327,       164,       249,       217,       257,       224,       29,        214,       40,        530
153,      326,       165,       248,       216,       256,       222,       28,        213,       42,        505
153,      326,       164,       249,       216,       256,       223,       27,        213,       41,        500
154,      327,       164,       249,       217,       257,       224,       28,        214,       40,        530
153,      328,       163,       249,       217,       256,       224,       28,        213,       42,        525
152,      327,       165,       248,       217,       256,       223,       28,        212,       41,        505
153,      325,       164,       250,       217,       256,       223,       28,        214,       41,        515
154,      328,       164,       250,       216,       257,       225,       27,        214,       41,        540
153,      326,       165,       250,       216,       256,       223,       29,        213,       40,        515
154,      327,       165,       249,       217,       256,       223,       28,        213,       42,        530
153,      327,       164,       249,       217,       257,       225,       28,        215,       42,        545
153,      328,       165,       249,       216,       256,       223,       28,        212,       41,        515
154,      327,       165,       249,       217,       258,       224,       28,        213,       41,        540
153,      327,       164,       250,       217,       256,       224,       28,        214,       40,        525
153,      327,       166,       249,       216,       256,       223,       28,        213,       41,        520
153,      327,       165,       249,       217,       257,       223,       28,        215,       41,        535
153,      327,       165,       249,       217,       257,       222,       28,        213,       40,        515
153,      328,       164,       250,       218,       256,       224,       27,        214,       42,        540
154,      329,       165,       250,       217,       256,       225,       27,        216,       41,        560
153,      328,       166,       250,       217,       256,       223,       28,        216,       41,        550
153,      328,       165,       250,       217,       257,       224,       28,        213,       42,        545
153,      328,       165,       249,       218,       256,       224,       28,        214,       41,        540
154,      329,       165,       250,       218,       256,       224,       28,        216,       41,        565
153,      328,       165,       250,       218,       256,       223,       29,        215,       41,        550
154,      328,       165,       251,       218,       256,       224,       27,        214,       42,        555
155,      328,       164,       251,       218,       257,       224,       27,        216,       41,        565
155,      328,       165,       251,       216,       257,       224,       27,        214,       41,        550
154,      328,       165,       250,       217,       256,       224,       28,        215,       41,        550
154,      328,       164,       251,       216,       257,       224,       28,        216,       41,        555
154,      329,       164,       251,       217,       255,       224,       28,        214,       41,        545
154,      328,       165,       250,       217,       256,       223,       29,        213,       41,        540
154,      329,       164,       251,       217,       257,       224,       28,        215,       42,        565
154,      328,       165,       251,       217,       257,       224,       27,        216,       41,        560
155,      328,       166,       250,       217,       256,       224,       28,        215,       42,        565
154,      330,       165,       250,       218,       256,       224,       27,        215,       42,        565
153,      329,       164,       250,       217,       256,       225,       28,        214,       42,        550
153,      329,       165,       250,       216,       256,       224,       28,        215,       42,        550
154,      329,       164,       251,       218,       256,       224,       28,        214,       41,        555
154,      329,       164,       251,       217,       257,       224,       27,        217,       41,        565
154,      329,       166,       250,       217,       256,       224,       28,        213,       42,        555
154,      328,       165,       251,       218,       256,       224,       27,        214,       42,        555
153,      330,       165,       250,       218,       257,       224,       28,        215,       42,        570
153,      329,       165,       250,       218,       256,       224,       29,        214,       42,        560
155,      329,       164,       251,       217,       257,       223,       28,        215,       41,        560
153,      329,       166,       250,       217,       258,       223,       29,        216,       41,        570
154,      329,       165,       251,       217,       256,       223,       29,        213,       41,        550
154,      329,       165,       251,       218,       257,       224,       28,        215,       41,        570
154,      330,       166,       250,       217,       255,       225,       28,        216,       42,        575
154,      329,       166,       250,       217,       256,       223,       28,        214,       41,        550
155,      330,       166,       250,       218,       257,       223,       28,        214,       41,        570
154,      329,       166,       251,       218,       258,       224,       28,        217,       41,        590
155,      330,       165,       252,       217,       256,       223,       29,        217,       41,        585
153,      331,       166,       251,       217,       255,       224,       28,        214,       43,        570
155,      330,       165,       252,       217,       258,       223,       28,        215,       41,        580
153,      329,       166,       251,       219,       257,       224,       29,        216,       41,        585
154,      330,       165,       251,       217,       256,       225,       28,        216,       42,        580
155,      330,       166,       252,       217,       256,       223,       28,        215,       41,        575
155,      329,       166,       251,       217,       257,       224,       29,        216,       41,        585
155,      330,       165,       251,       217,       256,       224,       27,        215,       42,        570
153,      331,       165,       252,       218,       256,       225,       28,        215,       43,        590
154,      330,       166,       251,       218,       256,       224,       28,        217,       42,        590
154,      330,       166,       252,       217,       256,       223,       29,        214,       41,        570
154,      331,       165,       251,       219,       256,       224,       29,        217,       42,        600
155,      330,       165,       252,       217,       257,       224,       28,        216,       42,        590
154,      331,       165,       252,       218,       256,       224,       28,        215,       42,        585
154,      331,       165,       251,       218,       257,       224,       27,        218,       42,        595
154,      330,       167,       251,       218,       256,       224,       28,        216,       41,        585
154,      332,       166,       252,       217,       256,       225,       28,        215,       42,        595
155,      331,       165,       252,       217,       257,       223,       28,        217,       41,        590
154,      330,       165,       251,       218,       256,       223,       28,        216,       41,        570
155,      330,       167,       252,       218,       257,       223,       28,        216,       42,        600
154,      330,       166,       251,       218,       257,       224,       28,        217,       41,        590
156,      331,       165,       253,       217,       257,       224,       27,        218,       42,        610
154,      331,       166,       252,       217,       257,       225,       27,        217,       42,        600
155,      331,       166,       252,       217,       256,       224,       27,        216,       42,        590
155,      331,       166,       251,       218,       257,       224,       27,        219,       42,        610
155,      330,       166,       253,       216,       257,       223,       28,        218,       41,        595
156,      331,       166,       252,       218,       257,       224,       27,        216,       42,        605
155,      331,       166,       252,       217,       257,       224,       28,        218,       41,        605
156,      330,       166,       252,       217,       256,       224,       27,        216,       42,        590
155,      331,       166,       252,       218,       257,       225,       28,        217,       42,        615
155,      332,       167,       252,       217,       256,       223,       27,        219,       42,        610
155,      332,       166,       252,       217,       257,       224,       28,        216,       43,        610
155,      332,       167,       252,       218,       257,       224,       28,        218,       42,        625
155,      332,       165,       253,       217,       256,       224,       28,        216,       43,        605
154,      331,       168,       252,       218,       256,       223,       28,        216,       42,        600
156,      331,       167,       253,       217,       257,       224,       28,        218,       41,        620
155,      332,       167,       251,       218,       256,       225,       28,        218,       43,        625
154,      331,       166,       252,       217,       256,       223,       29,        216,       42,        590
155,      331,       166,       253,       217,       257,       223,       28,        217,       42,        605
156,      332,       167,       252,       218,       257,       224,       29,        218,       42,        635
156,      332,       166,       252,       217,       255,       225,       28,        217,       43,        615
155,      333,       166,       253,       217,       256,       224,       27,        217,       42,        610
