0,        1,         2,         3,         4,         5,         6,         7,         8,         9,         "T"
383,10,-65,126,
144,      387,       208,       368,       237,       290,       226,       27,        229,       59,        0
143,      387,       208,       367,       235,       290,       225,       26,        227,       60,        0
144,      386,       208,       368,       236,       291,       226,       27,        229,       59,        0
145,      386,       209,       368,       235,       290,       226,       27,        230,       59,        0
144,      387,       208,       368,       235,       291,       225,       26,        228,       59,        0
145,      387,       209,       367,       236,       291,       226,       25,        231,       60,        0
144,      387,       208,       369,       235,       290,       226,       26,        228,       59,        0
144,      386,       208,       368,       235,       290,       225,       26,        228,       59,        0
143,      388,       207,       368,       236,       290,       225,       27,        228,       60,        0
144,      387,       208,       368,       237,       290,       226,       26,        229,       60,        0
145,      387,       209,       368,       235,       291,       226,       26,        230,       59,        0
143,      386,       209,       368,       235,       291,       224,       26,        229,       59,        0
145,      388,       209,       368,       236,       291,       226,       26,        231,       59,        0
143,      388,       208,       367,       236,       291,       225,       26,        229,       60,        0
143,      386,       208,       367,       236,       290,       225,       27,        228,       60,        0
144,      388,       208,       368,       236,       290,       227,       26,        230,       60,        0
144,      386,       208,       368,       236,       291,       225,       26,        230,       59,        0
145,      388,       209,       369,       236,       290,       226,       26,        229,       60,        0
144,      389,       208,       368,       237,       290,       225,       27,        229,       58,        0
143,      387,       208,       367,       236,       290,       225,       27,        229,       59,        0
145,      387,       209,       368,       235,       291,       225,       26,        229,       59,        0
144,      388,       208,       368,       236,       291,       225,       27,        230,       60,        25
144,      387,       208,       367,       236,       290,       226,       26,        229,       60,        5
144,      387,       207,       368,       235,       290,       225,       26,        229,       60,        -5
144,      388,       207,       368,       236,       291,       226,       26,        230,       59,        15
144,      387,       208,       367,       236,       291,       225,       26,        230,       59,        5
144,      386,       208,       368,       235,       290,       225,       27,        229,       59,        -5
144,      387,       208,       367,       235,       291,       226,       27,        229,       60,        10
145,      386,       208,       367,       235,       291,       225,       25,        230,       59,        -5
144,      387,       207,       367,       236,       290,       225,       27,        229,       60,        0
143,      387,       208,       367,       235,       292,       226,       26,        229,       60,        5
143,      385,       209,       367,       235,       290,       225,       27,        229,       59,        -15
144,      387,       208,       366,       237,       290,       225,       25,        229,       60,        -5
145,      385,       208,       367,       235,       292,       225,       26,        230,       59,        0
144,      384,       207,       367,       235,       290,       225,       25,        229,       59,        -35
145,      385,       207,       367,       236,       290,       226,       26,        229,       59,        -10
144,      385,       208,       366,       235,       291,       225,       26,        229,       59,        -20
143,      384,       207,       367,       235,       289,       225,       26,        229,       59,        -40
144,      386,       207,       366,       236,       290,       224,       26,        228,       60,        -25
143,      385,       208,       365,       236,       292,       225,       26,        229,       59,        -20
144,      386,       207,       366,       236,       291,       225,       27,        229,       60,        -5
143,      383,       208,       366,       236,       291,       225,       27,        228,       58,        -35
144,      385,       207,       366,       236,       291,       225,       26,        230,       58,        -20
143,      384,       208,       365,       236,       292,       225,       26,        229,       59,        -25
144,      384,       207,       365,       236,       292,       224,       26,        229,       59,        -30
143,      385,       208,       366,       237,       292,       226,       26,        231,       59,        5
143,      383,       207,       366,       236,       292,       224,       26,        229,       59,        -35
144,      384,       207,       365,       237,       292,       225,       26,        229,       59,        -20
143,      384,       207,       366,       236,       293,       226,       26,        230,       59,        -10
144,      384,       207,       365,       236,       293,       225,       25,        230,       59,        -20
143,      384,       207,       365,       236,       292,       225,       26,        229,       59,        -30
144,      385,       208,       365,       237,       293,       225,       27,        231,       59,        10
143,      384,       207,       366,       236,       292,       226,       26,        228,       58,        -30
145,      384,       207,       365,       236,       292,       225,       25,        229,       59,        -25
143,      386,       207,       365,       238,       292,       226,       26,        230,       59,        0
145,      385,       208,       366,       237,       294,       226,       26,        231,       58,        20
143,      385,       207,       366,       237,       293,       225,       26,        230,       59,        -5
144,      384,       208,       365,       238,       293,       225,       26,        230,       59,        0
146,      385,       206,       367,       237,       293,       227,       26,        231,       59,        25
143,      385,       207,       366,       237,       293,       226,       26,        230,       58,        -5
144,      385,       207,       366,       238,       292,       225,       27,        230,       59,        5
144,      385,       207,       366,       237,       293,       227,       25,        231,       59,        10
144,      385,       207,       365,       238,       293,       225,       27,        229,       58,        -5
143,      387,       208,       365,       238,       294,       227,       26,        232,       58,        30
144,      385,       208,       365,       238,       294,       226,       26,        232,       59,        25
144,      387,       207,       365,       239,       293,       227,       26,        230,       60,        30
144,      388,       207,       366,       239,       294,       229,       26,        232,       60,        65
144,      388,       207,       365,       238,       294,       227,       26,        231,       58,        30
144,      387,       208,       366,       239,       295,       228,       26,        233,       58,        60
145,      387,       207,       367,       238,       295,       228,       26,        233,       59,        65
144,      388,       208,       366,       239,       296,       228,       25,        232,       59,        65
145,      388,       208,       366,       240,       295,       228,       26,        231,       60,        75
145,      388,       207,       368,       239,       295,       230,       25,        233,       60,        90
145,      389,       208,       366,       239,       294,       228,       26,        234,       59,        80
145,      388,       208,       367,       239,       295,       228,       26,        232,       59,        75
144,      389,       208,       366,       240,       295,       230,       26,        231,       61,        90
146,      389,       208,       367,       239,       296,       230,       26,        234,       60,        115
145,      390,       209,       367,       240,       295,       229,       27,        232,       60,        110
144,      390,       208,       368,       240,       296,       231,       26,        234,       60,        125
146,      391,       207,       368,       240,       295,       230,       26,        233,       60,        120
146,      390,       209,       367,       240,       297,       230,       27,        233,       59,        130
146,      391,       209,       368,       240,       297,       231,       26,        235,       59,        150
145,      390,       208,       368,       240,       296,       230,       26,        233,       60,        120
145,      391,       208,       368,       241,       296,       231,       26,        234,       60,        140
145,      392,       209,       368,       240,       297,       231,       26,        235,       59,        150
146,      391,       208,       369,       240,       296,       231,       26,        233,       60,        140
147,      393,       208,       368,       241,       296,       232,       25,        234,       61,        165
147,      393,       209,       368,       241,       298,       231,       26,        235,       60,        180
145,      392,       208,       368,       241,       297,       232,       26,        234,       59,        150
146,      392,       208,       368,       242,       296,       231,       26,        233,       60,        150
146,      394,       209,       369,       241,       298,       231,       26,        236,       60,        190
147,      392,       209,       369,       241,       297,       233,       27,        235,       59,        185
146,      392,       208,       369,       241,       297,       232,       25,        235,       59,        160
147,      394,       208,       368,       242,       297,       232,       27,        235,       60,        190
146,      394,       208,       369,       242,       298,       233,       26,        235,       60,        195
146,      394,       208,       370,       241,       296,       233,       26,        235,       60,        185
147,      395,       208,       370,       242,       297,       234,       26,        235,       60,        210
149,      394,       208,       370,       241,       299,       232,       26,        236,       59,        210
148,      395,       208,       369,       242,       297,       232,       26,        236,       60,        205
146,      397,       209,       370,       243,       298,       234,       26,        236,       60,        235
146,      396,       209,       369,       242,       297,       233,       26,        235,       60,        205
146,      396,       209,       370,       243,       298,       234,       26,        235,       60,        225
147,      395,       209,       370,       242,       298,       234,       27,        237,       60,        235
146,      395,       209,       370,       241,       298,       233,       26,        235,       60,        205
147,      396,       209,       370,       243,       298,       234,       26,        236,       60,        235
147,      397,       209,       369,       243,       298,       235,       26,        236,       61,        245
148,      397,       208,       370,       242,       299,       235,       25,        239,       60,        255
147,      396,       209,       371,       242,       298,       234,       25,        236,       60,        230
147,      396,       210,       370,       243,       297,       234,       28,        236,       59,        240
147,      397,       209,       369,       243,       299,       236,       26,        237,       60,        255
148,      396,       210,       370,       242,       299,       234,       26,        237,       60,        250
148,      397,       210,       370,       243,       300,       235,       27,        238,       60,        280
148,      398,       209,       370,       242,       298,       234,       26,        239,       61,        265
148,      397,       208,       371,       243,       298,       235,       26,        236,       60,        250
149,      398,       209,       371,       242,       299,       236,       26,        239,       60,        285
147,      397,       209,       371,       242,       298,       236,       27,        237,       60,        260
147,      397,       209,       371,       242,       298,       237,       25,        238,       60,        260
147,      398,       209,       370,       244,       299,       236,       26,        238,       60,        275
148,      399,       209,       370,       243,       298,       235,       26,        237,       60,        265
148,      397,       210,       372,       242,       298,       237,       26,        237,       60,        275
149,      398,       209,       372,       242,       299,       237,       25,        239,       60,        290
150,      398,       209,       371,       243,       298,       237,       26,        239,       60,        295
148,      397,       209,       371,       243,       298,       237,       26,        237,       60,        270
147,      397,       210,       371,       243,       299,       237,       27,        236,       60,        275
149,      399,       209,       371,       243,       299,       237,       26,        239,       60,        300
149,      398,       209,       371,       243,       298,       236,       26,        239,       60,        285
149,      398,       209,       372,       242,       299,       236,       26,        238,       60,        285
148,      399,       210,       372,       243,       298,       238,       27,        238,       61,        310
148,      399,       209,       370,       242,       299,       237,       25,        238,       61,        280
148,      397,       210,       372,       242,       298,       237,       25,        238,       59,        270
149,      399,       210,       371,       242,       300,       238,       27,        239,       60,        315
148,      397,       210,       372,       242,       298,       238,       26,        238,       61,        290
149,      399,       209,       372,       243,       298,       237,       26,        238,       60,        295
148,      400,       210,       372,       243,       298,       238,       27,        239,       60,        315
148,      399,       210,       371,       242,       299,       237,       26,        238,       61,        295
149,      399,       210,       373,       242,       299,       237,       26,        240,       60,        315
148,      399,       209,       372,       243,       299,       237,       26,        239,       60,        300
148,      401,       210,       372,       242,       298,       238,       25,        238,       61,        305
149,      400,       211,       371,       244,       298,       238,       26,        238,       61,        320
149,      399,       210,       372,       243,       300,       238,       26,        240,       59,        320
149,      401,       209,       372,       242,       299,       239,       25,        239,       60,        315
150,      400,       210,       372,       243,       299,       237,       26,        239,       60,        320
150,      400,       210,       372,       244,       298,       238,       27,        239,       60,        330
149,      400,       211,       372,       243,       300,       239,       26,        240,       60,        340
148,      401,       210,       371,       243,       299,       237,       26,        239,       60,        310
150,      402,       209,       373,       242,       299,       240,       26,        240,       60,        345
149,      400,       210,       372,       242,       299,       238,       26,        240,       60,        320
149,      400,       210,       373,       242,       299,       238,       26,        239,       60,        320
149,      402,       210,       373,       243,       299,       240,       26,        241,       61,        360
149,      400,       210,       373,       242,       299,       238,       26,        239,       60,        320
149,      401,       210,       373,       243,       299,       239,       26,        240,       60,        340
150,      402,       209,       373,       243,       298,       240,       25,        241,       61,        350
149,      400,       210,       373,       242,       299,       239,       26,        239,       60,        325
150,      402,       209,       374,       244,       299,       241,       26,        241,       61,        375
150,      402,       210,       373,       243,       299,       240,       26,        239,       60,        350
150,      401,       211,       373,       242,       300,       239,       26,        240,       60,        350
151,      402,       210,       374,       243,       300,       241,       26,        242,       61,        390
150,      404,       210,       373,       244,       299,       240,       26,        241,       61,        380
152,      403,       210,       374,       243,       299,       240,       26,        239,       61,        375
150,      403,       210,       373,       244,       299,       240,       27,        239,       61,        370
151,      403,       210,       373,       244,       300,       241,       26,        242,       61,        395
150,      403,       210,       374,       243,       300,       241,       25,        241,       61,        380
151,      403,       210,       374,       244,       300,       240,       25,        241,       60,        380
151,      402,       212,       373,       244,       301,       241,       27,        242,       59,        400
150,      404,       210,       374,       243,       300,       241,       25,        241,       61,        385
151,      403,       210,       374,       245,       300,       241,       27,        242,       61,        410
150,      404,       211,       373,       243,       300,       240,       26,        242,       61,        390
150,      404,       210,       374,       245,       300,       241,       26,        240,       61,        395
151,      404,       211,       373,       244,       301,       242,       25,        242,       61,        410
151,      403,       211,       374,       243,       301,       241,       25,        242,       61,        400
150,      405,       211,       374,       244,       301,       241,       26,        244,       60,        420
151,      404,       211,       375,       244,       301,       242,       25,        243,       60,        420
152,      405,       210,       374,       244,       300,       241,       26,        241,       62,        415
151,      404,       210,       375,       244,       300,       242,       26,        241,       61,        410
151,      405,       211,       376,       244,       300,       243,       25,        243,       61,        435
150,      405,       211,       374,       243,       301,       241,       26,        243,       61,        415
152,      404,       210,       375,       243,       301,       241,       25,        241,       61,        405
152,      405,       211,       375,       244,       301,       243,       25,        242,       61,        435
152,      405,       211,       375,       244,       300,       242,       26,        244,       60,        435
151,      405,       211,       375,       244,       300,       241,       26,        242,       61,        420
151,      406,       212,       374,       245,       301,       243,       26,        243,       61,        450
150,      406,       211,       374,       244,       300,       241,       27,        242,       61,        420
151,      405,       212,       375,       244,       301,       243,       26,        241,       61,        435
151,      406,       212,       374,       244,       301,       242,       26,        244,       61,        445
151,      405,       212,       375,       245,       300,       242,       26,        242,       60,        430
152,      406,       212,       375,       244,       301,       242,       26,        243,       61,        450
151,      407,       211,       374,       244,       301,       242,       26,        242,       61,        435
151,      406,       211,       375,       244,       300,       243,       25,        241,       62,        430
152,      405,       211,       376,       244,       301,       244,       26,        243,       61,        455
153,      406,       212,       375,       244,       302,       243,       26,        244,       61,        470
151,      406,       211,       375,       244,       300,       242,       26,        243,       60,        430
151,      406,       211,       375,       245,       300,       242,       27,        242,       61,        440
152,      408,       211,       375,       246,       300,       243,       26,        243,       61,        465
152,      406,       212,       376,       244,       302,       244,       26,        245,       60,        475
151,      406,       211,       375,       244,       300,       243,       26,        242,       62,        440
151,      407,       211,       375,       245,       301,       243,       26,        243,       61,        455
152,      406,       211,       376,       244,       301,       243,       27,        245,       60,        465
152,      407,       212,       376,       244,       300,       243,       26,        243,       61,        460
151,      408,       211,       376,       244,       300,       244,       26,        244,       62,        470
152,      406,       212,       376,       244,       300,       243,       26,        243,       61,        455
152,      407,       212,       376,       244,       301,       244,       26,        243,       61,        470
151,      407,       212,       376,       244,       302,       244,       26,        244,       61,        475
153,      407,       211,       376,       243,       301,       243,       26,        244,       61,        465
152,      410,       211,       376,       245,       300,       245,       25,        244,       62,        490
151,      408,       212,       376,       244,       300,       243,       27,        243,       62,        470
152,      408,       212,       376,       245,       301,       243,       26,        243,       62,        480
152,      410,       211,       376,       245,       301,       244,       26,        245,       61,        495
152,      408,       212,       376,       244,       300,       243,       27,        245,       62,        485
152,      408,       212,       376,       244,       301,       244,       26,        244,       61,        480
152,      408,       213,       376,       245,       301,       244,       26,        244,       61,        490
152,      410,       212,       376,       244,       301,       245,       25,        245,       62,        500
152,      408,       212,       376,       245,       300,       244,       26,        245,       61,        485
152,      409,       212,       376,       245,       301,       244,       26,        244,       61,        490
153,      408,       212,       377,       244,       302,       244,       26,        246,       60,        500
152,      408,       212,       377,       245,       300,       244,       27,        244,       61,        490
153,      410,       212,       377,       244,       301,       245,       26,        246,       61,        515
152,      408,       213,       377,       244,       301,       243,       26,        245,       61,        490
153,      408,       212,       377,       245,       301,       243,       26,        245,       60,        490
152,      409,       212,       377,       245,       301,       246,       25,        246,       62,        515
153,      408,       212,       377,       244,       301,       244,       27,        244,       61,        495
154,      409,       211,       378,       245,       301,       246,       26,        246,       61,        525
153,      408,       212,       377,       244,       301,       244,       26,        246,       61,        500
153,      409,       212,       377,       245,       301,       244,       25,        246,       61,        505
153,      410,       212,       377,       245,       302,       245,       26,        245,       61,        520
153,      410,       213,       377,       245,       301,       245,       25,        246,       62,        525
153,      410,       212,       377,       244,       300,       244,       26,        245,       62,        505
153,      408,       213,       377,       244,       302,       244,       26,        246,       61,        510
154,      409,       211,       378,       244,       302,       246,       25,        247,       61,        525
153,      409,       212,       378,       244,       301,       245,       26,        247,       61,        520
153,      410,       212,       377,       244,       300,       245,       26,        246,       62,        515
153,      410,       212,       378,       244,       301,       245,       25,        246,       62,        520
153,      410,       212,       378,       244,       301,       245,       25,        246,       62,        520
154,      412,       212,       378,       245,       301,       246,       26,        247,       62,        555
152,      409,       213,       377,       244,       301,       245,       26,        246,       61,        510
153,      410,       213,       377,       245,       300,       245,       27,        246,       61,        525
153,      410,       213,       377,       245,       301,       245,       26,        247,       61,        530
153,      410,       212,       378,       244,       300,       245,       26,        245,       62,        515
155,      411,       212,       378,       244,       302,       246,       26,        247,       61,        550
154,      410,       213,       378,       244,       301,       246,       26,        247,       61,        540
153,      412,       212,       378,       245,       301,       246,       26,        246,       61,        540
154,      411,       213,       378,       245,       301,       245,       26,        247,       62,        550
155,      410,       213,       379,       243,       302,       245,       25,        247,       61,        540
153,      411,       214,       378,       244,       302,       244,       26,        246,       61,        535
154,      410,       212,       378,       245,       301,       246,       26,        247,       61,        540
153,      413,       212,       379,       245,       300,       247,       26,        248,       62,        565
153,      410,       213,       379,       245,       300,       244,       26,        246,       61,        525
155,      412,       213,       378,       245,       301,       245,       25,        249,       61,        560
155,      412,       213,       379,       245,       302,       245,       26,        247,       61,        565
153,      411,       213,       380,       245,       301,       245,       26,        247,       61,        550
154,      412,       213,       378,       244,       303,       246,       26,        248,       61,        565
153,      411,       214,       378,       244,       302,       245,       27,        247,       61,        550
155,      412,       213,       379,       245,       302,       246,       26,        248,       61,        575
154,      413,       213,       379,       245,       301,       247,       26,        248,       62,        580
154,      411,       213,       379,       244,       301,       246,       26,        248,       61,        555
155,      413,       214,       379,       245,       302,       246,       25,        248,       63,        590
154,      411,       213,       379,       245,       301,       245,       26,        249,       61,        560
154,      413,       213,       379,       245,       301,       246,       26,        248,       62,        575
155,      413,       214,       380,       245,       302,       246,       26,        249,       61,        595
153,      412,       213,       379,       245,       302,       246,       26,        248,       61,        565
153,      412,       213,       380,       245,       301,       246,       26,        248,       62,        570
156,      413,       213,       380,       244,       302,       246,       25,        250,       62,        595
154,      413,       213,       379,       245,       302,       247,       26,        249,       62,        590
155,      411,       213,       380,       244,       302,       245,       26,        249,       61,        570
155,      413,       214,       380,       245,       301,       246,       26,        248,       62,        590
154,      414,       213,       380,       245,       303,       248,       25,        251,       62,        615
153,      414,       214,       379,       244,       302,       246,       26,        248,       62,        580
154,      414,       213,       380,       246,       302,       247,       26,        248,       62,        600
155,      413,       213,       380,       244,       301,       247,       25,        250,       61,        585
154,      413,       214,       380,       245,       301,       246,       27,        248,       61,        585
154,      414,       213,       380,       245,       302,       248,       26,        250,       62,        610
154,      414,       214,       380,       245,       302,       246,       27,        249,       61,        600
154,      414,       214,       380,       244,       302,       247,       26,        248,       61,        590
155,      413,       213,       381,       244,       302,       247,       26,        251,       61,        605
153,      414,       214,       380,       244,       301,       247,       25,        248,       63,        585
155,      413,       214,       380,       245,       302,       247,       26,        248,       62,        600
154,      415,       214,       379,       246,       302,       247,       26,        250,       62,        615
156,      413,       214,       381,       244,       302,       246,       27,        251,       61,        615
155,      413,       214,       381,       245,       301,       246,       26,        249,       61,        595
155,      415,       214,       381,       245,       302,       247,       25,        249,       63,        620
154,      414,       213,       381,       245,       302,       247,       25,        251,       62,        610
155,      414,       213,       381,       244,       301,       247,       25,        249,       63,        600
155,      414,       214,       381,       244,       302,       248,       26,        251,       62,        625
154,      415,       213,       380,       245,       301,       246,       26,        250,       62,        600
156,      414,       214,       380,       245,       302,       246,       27,        250,       61,        615
155,      415,       214,       380,       245,       302,       248,       25,        252,       62,        630
155,      414,       214,       381,       244,       301,       247,       27,        251,       61,        615
155,      414,       214,       381,       245,       301,       246,       26,        249,       62,        605
154,      414,       214,       381,       245,       302,       247,       27,        251,       61,        620
157,      414,       214,       382,       245,       301,       247,       26,        250,       62,        630
155,      415,       214,       381,       245,       302,       246,       27,        250,       61,        620
156,      416,       213,       381,       246,       302,       248,       25,        251,       62,        640
155,      415,       214,       381,       245,       303,       248,       26,        252,       61,        640
155,      415,       215,       381,       244,       302,       247,       26,        251,       62,        630
156,      415,       214,       381,       245,       302,       247,       26,        252,       62,        640
155,      416,       214,       381,       245,       302,       247,       27,        251,       62,        640
155,      415,       214,       381,       245,       302,       246,       26,        250,       62,        620
156,      416,       214,       382,       245,       302,       248,       25,        252,       62,        650
156,      414,       213,       383,       244,       302,       248,       25,        252,       62,        635
156,      415,       214,       382,       245,       301,       247,       26,        251,       61,        630
155,      416,       214,       381,       246,       302,       248,       26,        251,       62,        645
156,      416,       214,       382,       245,       302,       248,       26,        251,       62,        650
156,      415,       214,       383,       245,       301,       248,       26,        251,       62,        645
157,      416,       215,       382,       245,       303,       248,       26,        252,       62,        670
156,      415,       214,       381,       245,       302,       247,       27,        252,       61,        640
155,      416,       214,       382,       246,       302,       248,       26,        251,       63,        655
156,      416,       215,       382,       244,       302,       248,       26,        253,       61,        655
157,      416,       213,       383,       245,       302,       248,       25,        253,       61,        655
155,      417,       215,       382,       245,       302,       247,       26,        252,       61,        650
156,      416,       215,       382,       245,       302,       248,       26,        252,       61,        655
156,      417,       214,       383,       244,       302,       249,       26,        253,       62,        670
155,      417,       214,       383,       245,       301,       248,       26,        251,       63,        655
157,      416,       215,       382,       245,       303,       248,       26,        254,       62,        680
155,      417,       215,       382,       245,       302,       247,       27,        252,       62,        660
156,      416,       214,       383,       245,       301,       249,       25,        252,       62,        655
157,      417,       215,       382,       246,       302,       248,       27,        253,       62,        685
155,      416,       215,       383,       243,       301,       248,       26,        252,       63,        650
158,      416,       215,       383,       245,       302,       248,       26,        254,       61,        680
156,      417,       215,       382,       244,       302,       249,       25,        253,       62,        665
156,      416,       215,       383,       245,       301,       249,       26,        252,       62,        665
156,      418,       216,       382,       244,       302,       248,       27,        253,       62,        680
155,      417,       215,       384,       244,       301,       249,       26,        253,       62,        670
156,      417,       215,       383,       245,       301,       249,       26,        251,       62,        665
158,      418,       214,       384,       245,       302,       249,       25,        254,       62,        695
156,      418,       215,       382,       245,       301,       250,       26,        254,       62,        685
158,      417,       215,       383,       245,       300,       248,       26,        252,       62,        670
156,      417,       215,       383,       245,       301,       248,       27,        253,       62,        675
157,      418,       215,       383,       245,       302,       249,       25,        255,       61,        690
157,      418,       215,       384,       245,       302,       249,       26,        252,       63,        695
156,      417,       216,       383,       245,       302,       249,       27,        254,       62,        695
157,      419,       215,       383,       245,       302,       249,       25,        255,       62,        700
155,      417,       216,       383,       245,       301,       249,       26,        252,       63,        675
157,      418,       216,       383,       246,       302,       249,       26,        254,       62,        705
156,      418,       215,       384,       244,       302,       248,       26,        253,       63,        685
156,      419,       215,       384,       246,       301,       249,       27,        254,       63,        710
157,      419,       214,       384,       245,       300,       250,       25,        255,       62,        695
156,      417,       216,       383,       245,       302,       248,       27,        252,       62,        680
156,      418,       214,       383,       245,       301,       249,       25,        253,       63,        675
159,      419,       215,       385,       244,       302,       250,       25,        255,       62,        720
157,      418,       216,       384,       244,       302,       249,       27,        255,       62,        710
157,      419,       215,       383,       246,       301,       248,       26,        252,       63,        690
158,      418,       216,       385,       245,       302,       249,       26,        253,       61,        705
157,      418,       215,       385,       245,       302,       250,       27,        255,       62,        720
158,      419,       215,       384,       245,       301,       249,       26,        256,       61,        710
157,      418,       215,       385,       245,       301,       249,       27,        253,       62,        700
157,      420,       215,       385,       245,       301,       251,       26,        255,       63,        730
157,      420,       215,       384,       245,       302,       249,       26,        253,       63,        710
156,      419,       216,       385,       245,       302,       250,       25,        256,       62,        720
156,      420,       216,       384,       245,       303,       249,       27,        255,       62,        725
157,      420,       215,       384,       245,       302,       249,       25,        254,       63,        710
157,      420,       215,       386,       246,       302,       251,       26,        256,       63,        750
158,      420,       215,       385,       245,       302,       250,       25,        254,       63,        725
158,      419,       216,       385,       244,       301,       249,       26,        254,       62,        710
157,      419,       217,       385,       245,       302,       250,       26,        256,       61,        730
157,      421,       215,       386,       244,       303,       250,       25,        256,       63,        740
156,      420,       217,       385,       244,       302,       249,       25,        254,       62,        710
157,      420,       216,       386,       244,       301,       249,       25,        254,       62,        710
157,      420,       215,       386,       245,       301,       252,       26,        255,       63,        740
157,      419,       216,       386,       245,       301,       250,       26,        255,       62,        725
156,      420,       216,       385,       246,       301,       249,       26,        254,       62,        715
158,      420,       216,       386,       245,       302,       251,       26,        256,       62,        750
157,      420,       216,       384,       244,       302,       251,       26,        255,       63,        730
158,      421,       215,       386,       245,       301,       250,       26,        255,       63,        740
157,      421,       216,       385,       245,       302,       250,       26,        256,       63,        745
157,      419,       216,       386,       245,       302,       249,       26,        255,       62,        725
158,      420,       217,       386,       245,       302,       250,       26,        255,       62,        745
158,      421,       216,       386,       244,       303,       250,       26,        256,       62,        750
158,      421,       216,       385,       245,       302,       248,       26,        255,       62,        730
156,      422,       216,       386,       246,       302,       251,       26,        256,       63,        760
158,      420,       216,       385,       246,       303,       250,       26,        257,       62,        755
159,      420,       216,       386,       244,       302,       249,       26,        255,       62,        735
157,      421,       216,       386,       244,       301,       250,       26,        254,       63,        730
158,      422,       217,       386,       246,       302,       250,       26,        257,       61,        765
157,      421,       217,       386,       245,       302,       250,       25,        255,       63,        745
159,      420,       217,       386,       245,       303,       249,       26,        255,       61,        745
158,      422,       216,       387,       245,       301,       251,       26,        256,       63,        765
158,      422,       216,       386,       246,       303,       250,       26,        256,       62,        765
158,      421,       216,       387,       245,       303,       249,       25,        256,       62,        750
159,      422,       216,       386,       246,       303,       251,       26,        257,       62,        780
159,      422,       216,       386,       245,       302,       250,       25,        256,       63,        760
160,      422,       216,       386,       246,       302,       249,       27,        256,       62,        770
158,      422,       216,       387,       245,       303,       251,       25,        257,       63,        775
