0,        1,         2,         3,         4,         5,         6,         7,         8,         9,         "T"
385,10,-63,120,
139,      328,       168,       272,       287,       285,       222,       29,        219,       55,        0
139,      329,       168,       272,       286,       285,       221,       30,        221,       54,        0
140,      327,       168,       273,       286,       284,       221,       28,        218,       54,        0
139,      329,       169,       271,       287,       285,       222,       29,        220,       54,        0
139,      328,       169,       271,       286,       285,       221,       29,        219,       54,        0
139,      329,       168,       272,       287,       284,       222,       29,        219,       55,        0
140,      329,       168,       271,       287,       285,       221,       30,        219,       55,        0
138,      328,       169,       272,       287,       285,       221,       29,        218,       54,        0
138,      330,       169,       271,       288,       285,       221,       30,        220,       53,        0
138,      329,       170,       271,       286,       286,       220,       29,        219,       54,        0
138,      329,       169,       271,       288,       286,       221,       29,        218,       55,        0
140,      328,       168,       273,       287,       286,       222,       30,        221,       54,        0
140,      328,       169,       272,       286,       285,       220,       30,        218,       54,        0
139,      329,       169,       271,       287,       285,       222,       30,        220,       54,        0
138,      328,       169,       272,       287,       284,       221,       30,        218,       54,        0
138,      330,       169,       271,       287,       286,       221,       29,        218,       55,        0
138,      329,       169,       271,       287,       285,       222,       30,        219,       55,        0
139,      328,       169,       272,       287,       285,       221,       30,        218,       54,        0
139,      328,       169,       271,       287,       285,       221,       30,        218,       54,        0
139,      329,       170,       271,       288,       285,       221,       31,        219,       55,        0
139,      328,       169,       271,       287,       284,       221,       29,        218,       55,        0
137,      328,       169,       271,       287,       285,       220,       30,        219,       54,        15
138,      329,       170,       272,       287,       286,       222,       30,        219,       55,        55
140,      329,       168,       272,       287,       285,       222,       29,        218,       54,        35
138,      329,       169,       271,       288,       285,       220,       30,        218,       55,        30
139,      329,       169,       272,       287,       285,       221,       29,        219,       54,        35
139,      330,       168,       272,       288,       285,       221,       29,        220,       55,        50
139,      328,       168,       272,       287,       285,       222,       29,        219,       54,        30
139,      329,       169,       271,       288,       285,       221,       30,        219,       54,        40
137,      330,       169,       271,       287,       285,       222,       30,        219,       54,        35
138,      328,       169,       272,       286,       283,       222,       29,        217,       55,        10
138,      328,       169,       271,       287,       286,       220,       29,        220,       54,        25
139,      329,       168,       271,       286,       285,       222,       30,        219,       54,        30
138,      328,       169,       271,       287,       284,       220,       29,        217,       54,        0
138,      328,       168,       271,       288,       285,       221,       30,        219,       54,        25
139,      328,       169,       271,       287,       285,       220,       30,        218,       53,        15
139,      327,       168,       271,       287,       285,       222,       29,        218,       54,        15
140,      329,       168,       271,       287,       285,       221,       29,        220,       54,        35
138,      328,       169,       271,       286,       286,       220,       29,        219,       53,        10
139,      327,       168,       271,       287,       285,       220,       30,        217,       54,        5
139,      328,       167,       271,       287,       285,       222,       29,        218,       54,        15
138,      328,       168,       270,       287,       286,       221,       30,        219,       54,        20
138,      327,       168,       270,       286,       286,       219,       29,        219,       54,        -5
138,      327,       168,       270,       287,       286,       220,       29,        217,       55,        0
139,      328,       167,       270,       287,       286,       222,       29,        219,       54,        20
138,      326,       167,       270,       287,       287,       220,       29,        217,       54,        -10
139,      326,       168,       271,       287,       286,       221,       29,        219,       54,        15
138,      327,       168,       270,       287,       287,       221,       29,        218,       54,        10
138,      328,       167,       269,       289,       286,       220,       29,        217,       54,        0
139,      328,       167,       270,       288,       286,       222,       29,        218,       55,        25
137,      327,       168,       270,       288,       286,       220,       29,        217,       54,        -5
137,      326,       168,       270,       288,       286,       221,       30,        217,       54,        0
139,      328,       168,       271,       289,       287,       221,       29,        218,       54,        35
138,      328,       168,       269,       288,       288,       220,       29,        219,       53,        15
139,      327,       167,       270,       289,       287,       222,       28,        218,       54,        20
138,      327,       168,       270,       289,       288,       220,       30,        219,       53,        25
138,      327,       168,       270,       290,       289,       221,       29,        219,       54,        40
139,      328,       168,       270,       288,       288,       221,       28,        220,       53,        30
139,      327,       169,       271,       288,       289,       222,       28,        220,       52,        40
139,      327,       169,       270,       289,       289,       221,       29,        221,       53,        50
139,      328,       167,       271,       289,       289,       223,       28,        219,       53,        45
138,      328,       167,       270,       290,       287,       222,       29,        219,       54,        35
139,      329,       168,       270,       290,       289,       223,       29,        220,       54,        70
138,      328,       167,       270,       290,       289,       222,       29,        221,       54,        55
139,      328,       167,       271,       290,       289,       222,       28,        220,       54,        55
140,      330,       167,       271,       292,       289,       224,       29,        221,       55,        105
138,      329,       169,       270,       291,       290,       222,       30,        220,       54,        80
139,      331,       167,       270,       293,       289,       224,       28,        220,       55,        95
140,      329,       168,       272,       292,       290,       224,       29,        221,       54,        110
140,      329,       168,       271,       291,       290,       223,       28,        220,       54,        85
140,      330,       168,       271,       292,       291,       225,       28,        222,       54,        120
140,      330,       169,       270,       292,       291,       223,       30,        222,       53,        115
139,      330,       168,       270,       293,       290,       223,       30,        220,       53,        95
142,      331,       168,       271,       293,       291,       225,       28,        221,       53,        130
140,      331,       169,       271,       294,       292,       225,       28,        223,       53,        145
141,      331,       168,       272,       293,       291,       224,       28,        223,       53,        135
139,      331,       169,       271,       293,       292,       224,       29,        222,       53,        130
140,      333,       168,       271,       295,       292,       225,       29,        221,       54,        155
140,      333,       168,       271,       294,       292,       226,       28,        223,       54,        160
140,      333,       168,       271,       294,       291,       225,       29,        222,       55,        155
140,      334,       168,       271,       296,       293,       227,       29,        224,       55,        200
141,      334,       169,       272,       295,       292,       225,       29,        223,       54,        185
140,      333,       168,       271,       295,       293,       226,       29,        222,       54,        170
142,      334,       168,       272,       295,       292,       226,       28,        225,       54,        195
142,      333,       168,       272,       294,       293,       226,       28,        224,       53,        180
142,      335,       169,       272,       295,       294,       226,       28,        225,       54,        215
141,      335,       169,       272,       295,       294,       226,       29,        224,       53,        205
142,      333,       168,       273,       295,       293,       227,       28,        223,       54,        195
142,      334,       169,       272,       295,       295,       226,       30,        225,       53,        220
141,      335,       170,       272,       295,       294,       226,       29,        225,       54,        220
142,      334,       169,       273,       295,       293,       226,       29,        225,       53,        210
142,      335,       169,       272,       297,       293,       227,       30,        224,       55,        235
142,      335,       169,       273,       296,       294,       228,       29,        226,       54,        245
141,      337,       169,       272,       297,       293,       228,       30,        226,       56,        260
144,      335,       169,       273,       297,       294,       227,       29,        225,       54,        250
142,      337,       169,       273,       297,       294,       229,       30,        226,       56,        280
142,      336,       169,       274,       296,       295,       228,       29,        225,       55,        260
142,      336,       170,       273,       297,       295,       228,       31,        226,       54,        275
143,      337,       170,       272,       297,       295,       228,       30,        226,       54,        275
142,      336,       169,       273,       297,       294,       228,       29,        226,       54,        255
143,      336,       169,       274,       297,       295,       228,       28,        225,       54,        260
144,      336,       170,       273,       297,       295,       228,       29,        227,       54,        280
143,      338,       168,       273,       297,       294,       228,       30,        227,       55,        280
143,      337,       169,       273,       298,       294,       228,       28,        226,       55,        270
142,      337,       171,       273,       297,       295,       229,       28,        225,       54,        270
143,      337,       170,       273,       297,       295,       229,       29,        228,       54,        290
143,      338,       169,       274,       297,       295,       229,       29,        229,       55,        305
144,      337,       170,       274,       297,       295,       227,       29,        226,       54,        280
142,      338,       170,       273,       298,       296,       229,       29,        226,       53,        285
144,      338,       169,       274,       297,       295,       228,       29,        229,       53,        295
143,      337,       171,       273,       297,       295,       228,       29,        227,       54,        285
144,      339,       170,       274,       298,       296,       230,       29,        229,       54,        330
143,      338,       170,       273,       297,       295,       229,       29,        227,       54,        290
143,      337,       170,       274,       297,       296,       229,       28,        228,       54,        295
143,      339,       170,       274,       298,       295,       229,       29,        228,       54,        310
143,      338,       171,       273,       298,       295,       229,       30,        227,       54,        305
143,      339,       170,       274,       298,       295,       229,       29,        228,       55,        315
144,      339,       171,       273,       298,       296,       229,       29,        229,       53,        320
144,      338,       171,       274,       297,       296,       230,       29,        228,       54,        320
144,      339,       171,       274,       299,       296,       229,       29,        229,       55,        340
143,      339,       170,       274,       298,       296,       230,       29,        228,       55,        325
144,      339,       171,       274,       298,       296,       229,       29,        228,       55,        330
145,      340,       171,       274,       298,       296,       230,       29,        230,       54,        350
144,      340,       171,       274,       298,       297,       229,       30,        229,       55,        350
144,      340,       170,       274,       298,       296,       230,       30,        229,       54,        340
144,      340,       172,       274,       299,       297,       230,       30,        228,       55,        360
145,      341,       171,       275,       299,       296,       231,       30,        230,       55,        380
144,      340,       171,       274,       299,       296,       229,       29,        228,       54,        335
145,      340,       170,       275,       298,       296,       231,       29,        230,       56,        365
144,      341,       170,       274,       298,       296,       231,       29,        229,       56,        355
144,      341,       170,       274,       299,       296,       230,       29,        228,       55,        345
145,      341,       169,       274,       299,       296,       231,       29,        230,       55,        360
143,      341,       170,       275,       298,       296,       230,       29,        229,       55,        345
145,      340,       171,       275,       298,       296,       230,       29,        230,       54,        355
146,      340,       171,       275,       297,       298,       231,       28,        231,       54,        370
144,      341,       170,       274,       299,       296,       230,       29,        229,       55,        350
145,      343,       171,       274,       300,       296,       231,       29,        229,       55,        380
145,      341,       171,       274,       299,       297,       230,       29,        231,       54,        370
144,      342,       170,       275,       299,       296,       232,       28,        229,       56,        370
146,      342,       170,       275,       299,       296,       230,       30,        230,       55,        380
146,      343,       172,       275,       300,       296,       232,       29,        231,       56,        415
145,      341,       171,       275,       299,       297,       231,       29,        230,       55,        380
146,      341,       171,       275,       298,       297,       230,       29,        230,       55,        375
147,      342,       171,       275,       299,       297,       232,       28,        232,       55,        405
146,      343,       171,       276,       299,       296,       231,       29,        230,       56,        400
145,      343,       171,       275,       300,       295,       231,       29,        230,       56,        390
147,      342,       171,       276,       299,       298,       231,       29,        232,       55,        415
146,      341,       170,       276,       298,       297,       230,       29,        231,       54,        375
146,      343,       171,       276,       298,       297,       232,       29,        232,       55,        410
146,      343,       171,       275,       299,       297,       231,       29,        231,       55,        400
146,      342,       171,       276,       298,       296,       231,       29,        230,       55,        385
147,      343,       171,       275,       299,       297,       232,       30,        231,       55,        415
146,      342,       171,       275,       299,       296,       231,       29,        231,       55,        390
148,      343,       171,       276,       299,       297,       231,       29,        232,       54,        415
147,      343,       172,       275,       299,       297,       231,       29,        233,       55,        420
145,      343,       171,       276,       299,       296,       232,       29,        232,       56,        410
145,      343,       171,       276,       299,       296,       231,       29,        231,       56,        400
146,      344,       171,       275,       300,       296,       232,       29,        232,       55,        415
148,      343,       171,       276,       298,       298,       231,       27,        233,       54,        410
148,      343,       170,       276,       298,       297,       232,       27,        232,       55,        405
146,      344,       171,       276,       299,       296,       232,       28,        232,       56,        415
146,      344,       171,       276,       298,       297,       232,       29,        232,       55,        415
146,      343,       170,       276,       299,       296,       231,       28,        232,       54,        390
146,      345,       171,       275,       300,       296,       233,       29,        233,       55,        430
146,      344,       171,       276,       299,       297,       232,       29,        232,       54,        415
146,      343,       171,       277,       298,       296,       232,       28,        232,       56,        410
148,      344,       171,       276,       298,       297,       233,       28,        233,       54,        425
146,      344,       170,       276,       299,       296,       231,       28,        233,       55,        405
146,      345,       171,       275,       299,       296,       231,       29,        233,       55,        415
146,      346,       170,       276,       299,       296,       233,       29,        233,       55,        430
146,      344,       171,       276,       299,       297,       232,       27,        232,       56,        415
147,      345,       171,       276,       299,       297,       232,       29,        233,       55,        435
148,      345,       171,       277,       299,       297,       232,       28,        235,       54,        445
147,      344,       171,       276,       300,       297,       232,       29,        233,       54,        430
147,      345,       171,       276,       299,       296,       232,       28,        232,       55,        420
147,      346,       171,       277,       299,       296,       234,       29,        234,       56,        460
147,      345,       171,       276,       299,       297,       232,       29,        235,       54,        440
148,      345,       171,       276,       298,       297,       232,       28,        234,       55,        435
147,      346,       171,       276,       300,       296,       233,       28,        235,       55,        450
148,      345,       171,       277,       298,       297,       232,       27,        235,       55,        440
147,      345,       171,       277,       299,       297,       232,       29,        232,       55,        435
147,      346,       171,       276,       300,       296,       233,       28,        235,       56,        455
146,      345,       171,       277,       299,       296,       233,       30,        233,       55,        440
148,      346,       171,       277,       299,       296,       232,       28,        235,       55,        450
149,      346,       170,       277,       298,       296,       234,       27,        234,       55,        445
147,      345,       172,       276,       299,       297,       232,       29,        233,       54,        435
147,      347,       171,       276,       300,       296,       234,       29,        234,       56,        465
147,      346,       172,       277,       299,       297,       232,       29,        234,       55,        455
148,      346,       172,       277,       299,       297,       233,       27,        235,       55,        460
148,      347,       171,       278,       299,       297,       234,       27,        236,       56,        480
146,      347,       172,       277,       300,       296,       232,       29,        234,       55,        455
148,      346,       171,       277,       298,       296,       232,       28,        234,       54,        435
149,      346,       173,       276,       299,       298,       233,       28,        237,       55,        485
148,      347,       172,       278,       299,       298,       234,       28,        237,       55,        495
147,      348,       171,       277,       300,       296,       232,       29,        234,       55,        460
147,      348,       171,       277,       300,       297,       234,       29,        236,       56,        490
147,      348,       172,       277,       300,       296,       232,       29,        236,       56,        480
149,      346,       172,       277,       299,       297,       232,       29,        234,       55,        465
147,      348,       171,       277,       300,       297,       234,       29,        236,       55,        485
147,      348,       172,       277,       299,       296,       233,       29,        234,       55,        465
147,      348,       172,       277,       301,       296,       234,       30,        236,       56,        500
150,      347,       171,       278,       299,       296,       234,       28,        238,       55,        495
148,      347,       172,       278,       300,       298,       232,       29,        235,       54,        480
149,      348,       171,       278,       299,       298,       233,       29,        237,       55,        500
147,      349,       171,       277,       300,       296,       233,       29,        235,       55,        475
147,      347,       172,       278,       300,       296,       233,       28,        237,       54,        475
149,      349,       171,       278,       300,       296,       234,       28,        237,       56,        505
149,      348,       172,       277,       299,       297,       232,       29,        236,       56,        490
149,      347,       172,       278,       298,       297,       233,       28,        236,       56,        485
148,      348,       173,       277,       300,       298,       234,       29,        237,       56,        515
148,      348,       173,       278,       300,       298,       234,       28,        239,       55,        520
148,      349,       172,       278,       299,       296,       234,       28,        236,       56,        495
148,      349,       171,       278,       300,       297,       235,       28,        236,       56,        505
148,      349,       173,       277,       300,       297,       235,       29,        238,       55,        520
148,      349,       173,       278,       299,       297,       234,       28,        236,       55,        500
150,      349,       172,       278,       300,       297,       235,       27,        238,       57,        530
149,      349,       173,       277,       300,       297,       233,       29,        236,       55,        505
149,      349,       173,       278,       300,       297,       235,       28,        236,       56,        520
148,      349,       173,       277,       299,       298,       234,       29,        238,       55,        515
149,      349,       173,       278,       299,       297,       234,       28,        240,       54,        520
149,      349,       172,       278,       300,       296,       234,       28,        237,       55,        505
149,      349,       173,       279,       300,       298,       235,       29,        238,       55,        540
149,      350,       173,       277,       299,       297,       235,       29,        238,       56,        530
149,      350,       173,       278,       299,       297,       234,       29,        238,       55,        525
149,      350,       173,       278,       300,       297,       234,       29,        237,       55,        525
149,      350,       173,       278,       300,       298,       234,       29,        238,       55,        535
150,      350,       171,       279,       299,       298,       235,       27,        239,       56,        535
151,      350,       172,       280,       299,       297,       234,       27,        239,       55,        535
150,      350,       173,       279,       299,       298,       235,       28,        240,       56,        555
150,      350,       172,       279,       299,       297,       235,       28,        238,       55,        530
151,      350,       173,       280,       299,       298,       236,       28,        240,       55,        565
149,      350,       173,       279,       299,       297,       235,       29,        239,       55,        540
150,      350,       174,       279,       300,       298,       234,       29,        239,       55,        555
149,      351,       172,       279,       301,       298,       235,       29,        240,       56,        565
149,      351,       172,       279,       299,       297,       236,       28,        240,       55,        545
149,      351,       172,       279,       299,       296,       235,       28,        238,       57,        535
149,      351,       174,       279,       300,       298,       235,       29,        240,       55,        565
150,      352,       172,       280,       299,       297,       235,       27,        241,       55,        555
149,      350,       173,       279,       299,       297,       235,       27,        239,       55,        530
151,      352,       172,       280,       300,       297,       235,       27,        240,       55,        560
149,      352,       173,       278,       300,       299,       235,       29,        240,       56,        570
150,      350,       173,       279,       299,       297,       234,       29,        239,       55,        540
151,      351,       173,       280,       300,       297,       235,       29,        239,       55,        565
150,      352,       173,       279,       300,       298,       237,       28,        240,       56,        580
149,      351,       173,       280,       300,       298,       235,       28,        239,       56,        560
151,      351,       173,       279,       299,       298,       235,       28,        240,       55,        560
149,      352,       173,       279,       300,       299,       235,       28,        240,       55,        565
150,      351,       172,       280,       299,       297,       236,       28,        239,       56,        555
151,      352,       172,       279,       300,       298,       236,       28,        240,       55,        570
150,      353,       173,       279,       301,       298,       235,       29,        241,       54,        580
151,      353,       172,       280,       300,       297,       236,       27,        240,       56,        575
150,      352,       173,       279,       300,       298,       236,       29,        241,       55,        580
150,      352,       173,       279,       300,       297,       235,       29,        239,       56,        565
150,      353,       173,       280,       301,       298,       236,       28,        240,       57,        595
150,      353,       173,       279,       301,       297,       237,       29,        241,       55,        590
151,      352,       172,       280,       299,       297,       235,       28,        241,       55,        565
151,      352,       174,       280,       300,       297,       235,       29,        240,       55,        580
152,      353,       174,       280,       300,       299,       236,       29,        241,       55,        610
151,      352,       173,       281,       299,       299,       237,       28,        242,       56,        605
151,      351,       173,       280,       299,       298,       236,       28,        241,       55,        575
152,      353,       174,       280,       300,       297,       236,       29,        241,       56,        605
151,      352,       173,       280,       301,       298,       236,       29,        241,       56,        600
151,      352,       174,       280,       300,       299,       235,       29,        241,       55,        595
151,      355,       173,       280,       301,       298,       237,       29,        242,       57,        630
152,      354,       173,       281,       299,       297,       236,       27,        242,       56,        600
152,      353,       172,       281,       300,       297,       235,       29,        241,       55,        590
152,      353,       174,       280,       300,       300,       236,       29,        242,       55,        620
150,      354,       174,       280,       300,       297,       236,       29,        241,       57,        605
152,      354,       172,       281,       299,       298,       236,       27,        242,       56,        600
151,      354,       174,       280,       301,       298,       237,       27,        242,       56,        615
151,      354,       173,       281,       300,       299,       238,       27,        243,       56,        625
151,      354,       174,       280,       300,       297,       235,       28,        241,       55,        590
151,      355,       173,       281,       299,       297,       237,       27,        241,       57,        605
152,      353,       173,       282,       299,       299,       237,       27,        244,       56,        625
151,      355,       173,       280,       301,       298,       237,       28,        242,       57,        625
152,      355,       174,       280,       300,       297,       235,       28,        242,       56,        610
152,      354,       174,       281,       300,       299,       237,       27,        243,       55,        625
153,      354,       174,       281,       300,       298,       236,       29,        243,       55,        630
151,      356,       173,       281,       301,       298,       238,       28,        242,       58,        645
153,      354,       174,       282,       300,       298,       238,       28,        243,       55,        640
152,      354,       174,       281,       300,       298,       236,       28,        243,       55,        620
152,      355,       174,       281,       300,       298,       236,       29,        241,       56,        625
151,      355,       173,       281,       301,       298,       238,       28,        243,       57,        640
152,      355,       174,       281,       299,       298,       237,       28,        241,       56,        620
154,      355,       174,       282,       300,       299,       238,       27,        242,       55,        645
153,      354,       175,       281,       300,       300,       237,       28,        244,       55,        650
152,      356,       174,       281,       300,       298,       237,       28,        242,       56,        635
153,      355,       173,       281,       301,       297,       237,       28,        242,       56,        630
153,      355,       174,       282,       300,       299,       238,       27,        243,       56,        650
152,      356,       174,       281,       301,       299,       238,       29,        243,       55,        655
151,      356,       174,       281,       300,       297,       237,       28,        242,       56,        625
152,      356,       173,       282,       300,       297,       239,       27,        242,       57,        640
153,      355,       174,       282,       300,       299,       239,       27,        243,       56,        655
153,      355,       174,       282,       301,       298,       237,       29,        244,       56,        660
152,      355,       175,       281,       300,       297,       237,       29,        243,       55,        635
152,      355,       173,       282,       301,       298,       238,       27,        244,       57,        650
152,      356,       174,       282,       299,       298,       237,       28,        243,       56,        640
152,      357,       174,       281,       302,       298,       238,       29,        242,       56,        660
152,      356,       175,       281,       299,       298,       238,       29,        243,       56,        650
152,      357,       174,       282,       300,       297,       238,       28,        242,       57,        650
153,      356,       174,       281,       302,       298,       239,       28,        245,       57,        680
153,      356,       174,       283,       300,       298,       238,       27,        244,       55,        655
152,      356,       174,       282,       300,       298,       237,       28,        243,       56,        645
154,      357,       174,       283,       300,       298,       239,       28,        245,       56,        685
153,      357,       174,       282,       301,       298,       239,       28,        244,       57,        680
153,      357,       175,       282,       300,       298,       238,       27,        243,       57,        665
153,      357,       175,       283,       300,       298,       238,       27,        243,       56,        665
155,      357,       174,       283,       300,       298,       239,       27,        245,       56,        685
153,      357,       176,       282,       300,       299,       238,       28,        244,       57,        685
153,      358,       174,       282,       301,       299,       239,       28,        243,       57,        685
153,      358,       174,       282,       301,       298,       239,       28,        245,       56,        685
152,      357,       174,       283,       301,       298,       239,       29,        243,       57,        680
154,      358,       175,       283,       300,       299,       239,       28,        246,       56,        705
154,      358,       175,       282,       301,       298,       238,       29,        245,       56,        695
153,      358,       174,       282,       301,       298,       239,       28,        243,       57,        680
153,      359,       174,       283,       301,       297,       240,       28,        243,       57,        690
154,      358,       175,       282,       300,       299,       239,       28,        246,       55,        695
153,      357,       175,       283,       300,       299,       238,       28,        244,       55,        675
154,      358,       176,       282,       301,       299,       239,       28,        245,       55,        700
154,      358,       174,       283,       300,       299,       240,       28,        246,       55,        700
155,      356,       175,       282,       299,       299,       238,       28,        245,       55,        675
153,      358,       175,       283,       301,       298,       238,       29,        244,       56,        690
155,      358,       174,       283,       301,       298,       240,       28,        246,       57,        715
154,      358,       174,       283,       300,       299,       239,       29,        246,       56,        705
155,      358,       175,       283,       300,       298,       239,       27,        245,       56,        695
154,      358,       174,       284,       301,       298,       239,       29,        244,       57,        705
154,      359,       175,       282,       301,       299,       239,       28,        245,       56,        705
154,      358,       174,       283,       300,       297,       240,       27,        244,       56,        680
154,      359,       174,       284,       300,       299,       240,       27,        246,       57,        715
155,      358,       174,       283,       300,       299,       239,       28,        246,       56,        705
154,      360,       175,       283,       300,       298,       240,       28,        244,       56,        705
154,      359,       175,       283,       301,       298,       240,       28,        245,       57,        715
155,      358,       175,       283,       299,       298,       240,       27,        246,       57,        705
154,      359,       175,       283,       301,       300,       239,       29,        245,       55,        715
153,      360,       175,       283,       301,       298,       241,       28,        246,       57,        725
155,      358,       176,       283,       299,       299,       239,       27,        245,       56,        700
154,      359,       177,       283,       301,       298,       240,       29,        244,       56,        720
155,      361,       174,       284,       301,       298,       241,       27,        246,       57,        735
154,      360,       174,       284,       300,       299,       241,       27,        246,       57,        725
155,      358,       177,       282,       301,       298,       239,       28,        245,       55,        705
154,      360,       175,       284,       300,       298,       241,       27,        244,       58,        720
153,      360,       176,       284,       301,       298,       241,       28,        246,       57,        735
153,      359,       176,       283,       300,       298,       239,       29,        244,       55,        695
154,      359,       176,       283,       301,       299,       241,       28,        244,       56,        720
155,      360,       176,       283,       300,       298,       240,       28,        247,       55,        725
155,      359,       176,       284,       300,       298,       240,       27,        245,       56,        715
155,      361,       175,       284,       300,       299,       241,       27,        246,       57,        740
154,      361,       176,       283,       300,       298,       240,       29,        244,       57,        725
154,      359,       175,       284,       301,       298,       241,       28,        244,       57,        720
155,      360,       176,       284,       300,       298,       241,       27,        247,       56,        735
155,      360,       176,       284,       300,       298,       241,       28,        247,       55,        735
154,      359,       176,       284,       301,       299,       240,       29,        244,       56,        725
156,      361,       176,       284,       301,       299,       240,       29,        247,       56,        760
155,      361,       176,       283,       301,       298,       241,       28,        247,       56,        745
155,      360,       176,       284,       301,       298,       240,       29,        245,       55,        730
155,      360,       176,       285,       300,       298,       241,       27,        246,       56,        735
156,      361,       176,       284,       301,       299,       242,       28,        247,       56,        765
155,      360,       176,       283,       299,       300,       241,       28,        247,       56,        740
154,      361,       175,       285,       300,       297,       241,       28,        244,       57,        725
156,      362,       175,       285,       301,       298,       241,       28,        247,       57,        765
155,      362,       175,       284,       301,       299,       241,       29,        245,       57,        755
156,      361,       175,       285,       300,       298,       242,       27,        245,       57,        745
156,      361,       176,       285,       301,       299,       242,       28,        246,       56,        765
156,      362,       176,       285,       300,       299,       242,       28,        247,       56,        770
155,      361,       175,       284,       301,       298,       241,       28,        246,       56,        740
155,      362,       176,       284,       301,       298,       241,       30,        246,       56,        760
154,      361,       176,       284,       301,       299,       242,       28,        245,       57,        750
154,      362,       176,       285,       301,       298,       242,       29,        245,       58,        765
157,      362,       176,       285,       300,       300,       242,       28,        247,       56,        780
155,      363,       175,       285,       301,       299,       242,       28,        246,       57,        770
154,      361,       176,       285,       301,       299,       242,       29,        245,       56,        755
155,      361,       175,       286,       300,       298,       243,       27,        246,       58,        760
156,      362,       175,       285,       301,       298,       243,       28,        246,       58,        775
156,      363,       175,       285,       301,       298,       243,       29,        246,       57,        780
156,      362,       176,       285,       300,       299,       242,       28,        245,       57,        765
156,      364,       175,       286,       301,       299,       244,       27,        247,       58,        800
155,      362,       175,       285,       301,       299,       243,       27,        246,       57,        765
157,      363,       176,       285,       300,       299,       242,       28,        247,       56,        780
156,      363,       177,       285,       301,       300,       243,       28,        247,       56,        795
156,      362,       176,       286,       300,       299,       243,       28,        247,       57,        785
156,      364,       177,       285,       301,       300,       243,       28,        246,       57,        800
156,      363,       176,       285,       300,       300,       243,       27,        248,       56,        785
156,      364,       176,       285,       300,       299,       243,       28,        245,       57,        780
