0,        1,         2,         3,         4,         5,         6,         7,         8,         9,         "T"
386,10,-60,119,
189,      454,       305,       386,       311,       294,       300,       55,        311,       100,       0
191,      455,       306,       386,       312,       296,       300,       56,        310,       101,       0
191,      454,       307,       388,       313,       296,       300,       57,        310,       101,       0
190,      455,       305,       387,       313,       295,       299,       56,        311,       100,       0
187,      453,       303,       384,       310,       293,       298,       53,        308,       98,        0
187,      452,       303,       385,       309,       292,       297,       53,        306,       98,        0
192,      457,       307,       388,       314,       297,       303,       58,        312,       102,       0
188,      452,       304,       385,       309,       293,       298,       54,        308,       99,        0
188,      452,       302,       385,       310,       292,       297,       53,        307,       99,        0
186,      453,       303,       384,       309,       293,       298,       53,        308,       98,        0
186,      451,       303,       384,       309,       292,       297,       53,        306,       99,        0
189,      455,       304,       385,       312,       294,       299,       54,        308,       101,       0
189,      453,       304,       386,       311,       294,       299,       54,        309,       99,        0
187,      453,       304,       385,       310,       292,       297,       55,        307,       99,        0
188,      453,       303,       385,       310,       293,       298,       54,        309,       99,        0
188,      453,       303,       385,       309,       293,       297,       54,        308,       99,        0
189,      454,       304,       386,       312,       293,       300,       56,        308,       100,       0
191,      456,       306,       387,       314,       296,       301,       57,        312,       102,       0
188,      453,       304,       385,       311,       293,       298,       55,        308,       100,       0
189,      453,       304,       385,       311,       294,       298,       54,        309,       99,        0
189,      454,       303,       384,       311,       293,       297,       53,        308,       99,        0
187,      453,       303,       385,       309,       293,       298,       53,        308,       99,        -30
187,      453,       303,       384,       311,       293,       298,       53,        309,       98,        -25
188,      453,       302,       384,       310,       292,       298,       53,        308,       99,        -35
186,      453,       303,       384,       309,       293,       297,       53,        308,       99,        -45
187,      454,       303,       385,       311,       293,       298,       55,        308,       99,        -5
189,      455,       304,       385,       313,       294,       299,       56,        310,       100,       55
188,      455,       305,       386,       312,       295,       299,       56,        311,       100,       65
190,      455,       306,       388,       313,       297,       299,       56,        311,       102,       115
188,      455,       304,       385,       312,       293,       299,       56,        309,       99,        30
188,      452,       303,       384,       310,       291,       295,       54,        302,       99,        -80
188,      453,       302,       384,       311,       293,       297,       54,        311,       99,        -10
188,      455,       302,       384,       311,       292,       298,       54,        310,       99,        -5
189,      453,       303,       385,       311,       292,       298,       55,        308,       98,        -10
193,      456,       306,       388,       314,       295,       301,       57,        313,       102,       155
190,      457,       306,       388,       313,       296,       301,       57,        312,       103,       145
190,      455,       306,       387,       315,       295,       300,       57,        312,       102,       125
187,      452,       300,       382,       309,       290,       296,       51,        307,       97,        -115
186,      452,       301,       382,       308,       290,       296,       51,        305,       96,        -135
185,      451,       302,       382,       308,       290,       295,       52,        305,       98,        -130
186,      452,       301,       383,       308,       290,       296,       52,        306,       96,        -120
186,      453,       302,       383,       310,       292,       296,       53,        308,       98,        -65
187,      453,       301,       384,       310,       291,       296,       53,        307,       98,        -70
187,      453,       302,       384,       310,       292,       297,       54,        307,       97,        -55
187,      453,       302,       383,       310,       291,       297,       53,        307,       98,        -65
187,      452,       301,       383,       310,       291,       296,       53,        307,       97,        -85
187,      452,       303,       383,       310,       293,       297,       53,        308,       99,        -45
186,      453,       301,       382,       310,       292,       296,       53,        307,       98,        -80
186,      450,       300,       383,       309,       291,       295,       52,        306,       97,        -125
186,      451,       300,       382,       310,       293,       295,       52,        307,       97,        -105
186,      451,       300,       382,       309,       292,       297,       52,        307,       98,        -100
189,      452,       303,       383,       310,       295,       295,       53,        309,       98,        -35
190,      455,       306,       385,       315,       298,       300,       57,        312,       102,       130
191,      453,       304,       385,       313,       296,       299,       56,        312,       100,       75
189,      453,       303,       385,       314,       297,       298,       55,        311,       100,       55
189,      454,       304,       385,       314,       297,       301,       56,        313,       101,       100
190,      453,       303,       384,       313,       296,       298,       56,        309,       100,       40
191,      454,       305,       386,       315,       299,       301,       57,        312,       101,       135
192,      455,       305,       386,       317,       300,       302,       57,        313,       102,       175
190,      454,       305,       386,       317,       300,       301,       57,        313,       101,       150
190,      455,       304,       385,       315,       300,       301,       56,        312,       101,       125
191,      455,       304,       384,       317,       300,       301,       57,        313,       100,       140
190,      456,       304,       384,       316,       300,       301,       56,        313,       100,       130
188,      453,       303,       384,       315,       299,       299,       54,        311,       99,        55
190,      454,       304,       385,       316,       300,       301,       56,        313,       99,        120
189,      455,       304,       384,       317,       300,       300,       55,        312,       100,       110
190,      455,       304,       385,       316,       299,       301,       55,        313,       99,        115
192,      457,       305,       386,       318,       303,       302,       56,        316,       102,       215
188,      454,       302,       384,       315,       300,       300,       54,        311,       98,        60
190,      455,       303,       383,       317,       301,       300,       54,        314,       98,        105
191,      457,       304,       386,       318,       303,       302,       57,        316,       101,       205
192,      458,       306,       387,       320,       303,       304,       57,        315,       103,       255
192,      459,       305,       387,       321,       304,       305,       58,        317,       103,       285
191,      457,       305,       386,       319,       303,       303,       57,        315,       101,       215
193,      458,       306,       387,       321,       305,       305,       58,        317,       103,       295
195,      460,       305,       387,       322,       306,       305,       58,        318,       102,       320
192,      459,       305,       385,       320,       305,       303,       56,        317,       100,       240
191,      458,       305,       385,       319,       305,       304,       55,        316,       100,       220
192,      459,       304,       386,       320,       304,       305,       55,        317,       101,       245
192,      459,       305,       386,       321,       305,       304,       55,        318,       101,       260
191,      458,       303,       385,       319,       302,       303,       54,        315,       99,        175
189,      458,       302,       383,       319,       302,       303,       53,        315,       99,        145
190,      458,       301,       383,       318,       302,       302,       53,        315,       99,        135
191,      460,       301,       383,       319,       302,       302,       54,        315,       98,        155
190,      458,       302,       383,       318,       302,       303,       53,        315,       98,        140
189,      459,       302,       383,       319,       302,       302,       53,        315,       99,        145
190,      460,       303,       384,       320,       303,       304,       55,        317,       99,        205
191,      460,       302,       384,       320,       304,       304,       53,        317,       99,        200
191,      459,       303,       384,       320,       303,       304,       53,        317,       100,       200
191,      462,       303,       384,       321,       304,       305,       54,        319,       101,       250
191,      459,       302,       385,       319,       303,       304,       54,        318,       98,        195
190,      461,       303,       384,       320,       303,       305,       54,        319,       100,       225
191,      461,       303,       385,       320,       303,       306,       54,        319,       99,        235
191,      462,       303,       384,       319,       304,       305,       52,        318,       99,        215
191,      461,       302,       385,       320,       304,       305,       53,        318,       99,        220
191,      462,       303,       385,       320,       304,       305,       53,        319,       99,        235
192,      463,       303,       385,       320,       305,       305,       53,        319,       99,        250
192,      464,       304,       386,       322,       304,       306,       54,        319,       100,       285
193,      465,       304,       385,       322,       306,       307,       53,        322,       100,       315
192,      464,       304,       386,       322,       305,       307,       54,        320,       100,       300
192,      465,       304,       386,       323,       306,       307,       55,        322,       99,        325
194,      467,       304,       386,       324,       306,       308,       54,        322,       100,       355
194,      467,       305,       387,       324,       308,       309,       55,        323,       101,       395
195,      468,       305,       387,       325,       307,       309,       55,        324,       100,       405
193,      467,       305,       386,       323,       308,       308,       54,        322,       100,       360
193,      467,       304,       387,       324,       306,       309,       54,        322,       99,        355
194,      469,       304,       387,       324,       307,       309,       54,        324,       100,       390
193,      468,       304,       387,       324,       307,       310,       54,        322,       101,       380
194,      469,       305,       387,       326,       308,       309,       55,        323,       100,       410
195,      470,       305,       388,       325,       308,       310,       54,        325,       100,       430
195,      472,       305,       387,       325,       307,       309,       53,        326,       101,       430
194,      471,       305,       388,       325,       307,       310,       54,        323,       101,       420
195,      472,       305,       388,       326,       308,       312,       54,        325,       101,       460
195,      473,       305,       388,       326,       310,       312,       54,        327,       101,       485
196,      473,       306,       389,       325,       309,       312,       53,        326,       101,       480
196,      472,       305,       389,       327,       309,       313,       53,        326,       101,       485
197,      474,       305,       388,       326,       309,       311,       54,        326,       101,       485
196,      474,       307,       389,       327,       311,       313,       54,        326,       101,       520
197,      475,       306,       389,       327,       311,       313,       55,        329,       101,       545
196,      474,       307,       389,       326,       309,       313,       54,        326,       101,       505
197,      475,       306,       390,       328,       310,       315,       54,        329,       102,       560
197,      476,       307,       389,       327,       310,       313,       54,        328,       102,       545
196,      475,       306,       389,       327,       310,       313,       53,        327,       101,       515
196,      476,       306,       389,       327,       310,       313,       54,        329,       100,       530
197,      477,       306,       390,       326,       310,       313,       53,        328,       101,       535
197,      476,       306,       390,       327,       310,       312,       54,        328,       100,       530
199,      478,       306,       390,       329,       311,       315,       54,        331,       101,       600
197,      477,       306,       389,       327,       310,       315,       54,        330,       101,       560
197,      477,       306,       391,       326,       309,       314,       53,        328,       102,       545
198,      478,       306,       391,       328,       309,       314,       54,        329,       102,       575
198,      478,       307,       391,       328,       311,       316,       53,        331,       102,       605
199,      478,       307,       390,       328,       310,       314,       54,        330,       102,       590
198,      479,       307,       390,       329,       310,       316,       54,        331,       102,       610
198,      479,       308,       392,       329,       311,       315,       54,        333,       102,       635
198,      480,       309,       391,       329,       311,       316,       55,        331,       102,       640
199,      479,       308,       392,       329,       312,       317,       54,        334,       103,       665
198,      479,       307,       392,       328,       310,       316,       54,        331,       102,       615
199,      481,       308,       392,       329,       312,       317,       56,        334,       103,       685
199,      480,       308,       391,       328,       311,       316,       54,        333,       101,       635
201,      481,       308,       392,       330,       310,       316,       54,        332,       102,       660
200,      480,       308,       391,       328,       312,       317,       53,        334,       102,       655
200,      480,       307,       392,       328,       310,       316,       54,        331,       102,       630
199,      480,       307,       392,       328,       310,       317,       54,        332,       102,       635
201,      482,       308,       393,       330,       312,       319,       55,        335,       103,       720
201,      482,       309,       393,       329,       313,       319,       54,        335,       103,       720
201,      482,       309,       392,       330,       311,       317,       56,        333,       103,       700
202,      484,       310,       394,       331,       313,       320,       57,        336,       104,       785
203,      485,       311,       395,       332,       315,       322,       57,        338,       105,       845
204,      483,       313,       397,       332,       316,       321,       57,        338,       104,       855
204,      486,       311,       395,       333,       314,       321,       57,        338,       106,       855
202,      485,       310,       394,       331,       315,       321,       56,        337,       105,       810
203,      485,       311,       395,       332,       314,       321,       56,        338,       105,       830
203,      485,       311,       394,       331,       314,       320,       56,        338,       104,       810
201,      484,       309,       394,       330,       313,       319,       54,        337,       103,       750
202,      486,       310,       394,       331,       315,       320,       56,        337,       104,       805
201,      484,       309,       393,       330,       312,       320,       54,        336,       103,       740
202,      485,       309,       393,       330,       312,       319,       54,        336,       103,       745
203,      486,       309,       395,       331,       313,       321,       55,        338,       103,       800
201,      485,       310,       393,       330,       312,       319,       55,        337,       103,       755
202,      484,       309,       394,       329,       312,       319,       53,        337,       102,       735
204,      487,       310,       395,       330,       313,       321,       54,        338,       104,       810
204,      487,       310,       395,       331,       313,       321,       56,        339,       104,       830
203,      485,       311,       396,       331,       313,       321,       56,        338,       103,       815
204,      487,       311,       395,       332,       313,       321,       56,        340,       104,       845
203,      489,       311,       394,       331,       315,       322,       56,        340,       105,       860
203,      486,       311,       395,       330,       313,       321,       56,        338,       103,       810
204,      488,       311,       395,       332,       314,       321,       56,        340,       104,       855
203,      488,       311,       395,       331,       314,       322,       55,        339,       104,       840
203,      487,       311,       395,       330,       313,       321,       54,        340,       103,       815
203,      488,       310,       395,       329,       313,       321,       54,        339,       102,       800
203,      487,       310,       395,       329,       313,       321,       54,        339,       103,       800
204,      489,       310,       395,       330,       314,       322,       54,        341,       104,       845
205,      490,       311,       397,       332,       315,       323,       56,        342,       105,       910
205,      490,       311,       397,       331,       314,       322,       55,        341,       104,       880
206,      491,       313,       398,       332,       316,       324,       57,        343,       105,       955
205,      490,       311,       396,       331,       314,       323,       56,        341,       104,       885
204,      489,       312,       396,       331,       315,       322,       57,        341,       104,       885
206,      492,       313,       397,       333,       315,       324,       56,        344,       106,       960
204,      491,       310,       395,       331,       314,       322,       54,        342,       103,       860
203,      491,       311,       395,       330,       314,       322,       54,        340,       103,       845
204,      491,       311,       396,       332,       315,       324,       54,        341,       104,       890
205,      492,       310,       396,       331,       315,       323,       54,        343,       103,       890
204,      492,       312,       396,       332,       315,       323,       55,        342,       104,       905
206,      493,       311,       397,       332,       315,       324,       54,        344,       104,       930
207,      495,       312,       396,       333,       315,       324,       55,        344,       104,       955
205,      494,       312,       397,       333,       315,       324,       55,        343,       103,       935
207,      495,       312,       398,       334,       316,       326,       55,        346,       104,       995
207,      495,       313,       398,       334,       318,       325,       56,        345,       105,       1010
206,      495,       312,       398,       333,       317,       326,       55,        345,       105,       990
207,      496,       311,       398,       333,       316,       325,       54,        345,       103,       970
208,      496,       312,       397,       333,       315,       325,       54,        344,       104,       970
206,      496,       311,       396,       333,       314,       325,       54,        345,       104,       950
206,      495,       312,       397,       332,       315,       325,       54,        344,       104,       950
205,      494,       312,       397,       332,       314,       325,       54,        344,       103,       930
209,      497,       313,       399,       335,       318,       327,       57,        349,       106,       1080
208,      497,       313,       398,       334,       317,       327,       56,        348,       105,       1045
207,      497,       313,       399,       333,       316,       327,       55,        345,       105,       1015
209,      497,       314,       400,       334,       317,       326,       55,        347,       105,       1050
210,      498,       314,       400,       336,       318,       329,       57,        350,       106,       1120
209,      498,       314,       400,       334,       317,       327,       57,        347,       106,       1075
209,      498,       314,       400,       335,       318,       328,       56,        349,       106,       1095
209,      498,       313,       398,       333,       316,       326,       54,        348,       105,       1030
209,      498,       313,       399,       333,       316,       328,       54,        347,       104,       1035
208,      498,       314,       399,       335,       316,       328,       55,        348,       105,       1060
208,      498,       313,       400,       333,       316,       328,       55,        347,       105,       1045
209,      497,       313,       399,       333,       315,       328,       55,        348,       104,       1035
208,      498,       313,       400,       333,       316,       328,       55,        349,       106,       1060
209,      500,       314,       400,       334,       318,       327,       56,        349,       107,       1100
210,      499,       315,       400,       334,       318,       328,       56,        348,       106,       1100
209,      499,       314,       400,       334,       318,       328,       55,        350,       106,       1095
210,      499,       314,       401,       335,       318,       329,       56,        350,       106,       1120
209,      501,       314,       399,       334,       317,       328,       56,        349,       106,       1095
210,      500,       315,       401,       333,       317,       329,       55,        350,       106,       1110
211,      501,       315,       401,       335,       318,       330,       55,        352,       106,       1150
210,      501,       315,       400,       334,       318,       330,       55,        351,       105,       1125
210,      501,       317,       401,       335,       319,       329,       56,        351,       107,       1160
212,      502,       316,       403,       337,       319,       332,       57,        352,       107,       1215
210,      501,       314,       401,       334,       319,       330,       55,        352,       106,       1140
211,      502,       316,       402,       335,       318,       330,       56,        350,       107,       1165
211,      503,       315,       402,       336,       318,       331,       56,        352,       106,       1180
210,      502,       315,       401,       334,       318,       330,       55,        350,       106,       1135
211,      503,       316,       402,       337,       319,       331,       56,        351,       107,       1195
211,      503,       315,       402,       335,       319,       331,       57,        353,       106,       1190
210,      502,       315,       401,       334,       317,       329,       56,        350,       106,       1130
211,      503,       315,       402,       335,       318,       331,       55,        353,       106,       1175
212,      503,       315,       402,       335,       320,       331,       55,        354,       106,       1195
210,      503,       314,       401,       334,       317,       330,       56,        351,       106,       1140
211,      502,       316,       402,       334,       317,       330,       55,        351,       106,       1150
211,      505,       316,       402,       335,       319,       331,       57,        354,       105,       1205
212,      502,       316,       403,       335,       318,       332,       56,        353,       107,       1200
211,      504,       314,       403,       334,       317,       331,       55,        352,       107,       1170
212,      505,       316,       403,       337,       319,       332,       57,        354,       108,       1245
212,      504,       315,       402,       335,       317,       331,       55,        353,       107,       1185
212,      504,       316,       402,       335,       317,       331,       55,        353,       106,       1185
214,      505,       317,       403,       335,       319,       332,       57,        355,       107,       1250
213,      504,       316,       402,       334,       319,       331,       56,        353,       106,       1200
213,      506,       315,       403,       335,       318,       333,       56,        356,       107,       1240
213,      505,       316,       404,       335,       318,       332,       56,        355,       106,       1230
215,      506,       317,       404,       337,       320,       332,       56,        356,       107,       1280
213,      506,       316,       404,       337,       319,       333,       56,        356,       108,       1270
216,      507,       321,       407,       337,       322,       336,       58,        358,       110,       1390
216,      508,       320,       406,       339,       322,       336,       59,        359,       110,       1405
213,      506,       316,       403,       335,       319,       332,       55,        356,       106,       1235
212,      506,       316,       402,       334,       318,       331,       56,        354,       106,       1205
214,      506,       317,       405,       335,       318,       333,       55,        355,       107,       1255
214,      508,       317,       404,       336,       319,       334,       56,        356,       107,       1285
213,      507,       317,       403,       335,       319,       332,       55,        355,       107,       1245
213,      507,       316,       404,       335,       318,       333,       56,        355,       107,       1250
214,      508,       316,       403,       335,       319,       333,       56,        356,       105,       1255
212,      505,       316,       403,       333,       318,       332,       55,        355,       106,       1205
214,      509,       316,       404,       335,       318,       332,       55,        356,       107,       1260
213,      509,       316,       405,       335,       318,       335,       55,        356,       107,       1275
214,      507,       317,       405,       335,       318,       333,       55,        355,       106,       1255
214,      506,       317,       404,       334,       318,       333,       54,        357,       107,       1250
214,      508,       316,       405,       335,       318,       334,       56,        356,       106,       1270
213,      508,       316,       405,       334,       318,       333,       55,        356,       106,       1250
214,      509,       317,       404,       336,       319,       333,       55,        356,       107,       1280
214,      509,       316,       403,       334,       319,       334,       55,        357,       107,       1270
212,      507,       317,       402,       333,       317,       333,       55,        355,       106,       1215
210,      508,       315,       403,       332,       316,       331,       53,        354,       105,       1165
213,      509,       315,       402,       334,       316,       333,       54,        355,       106,       1215
212,      509,       316,       403,       333,       317,       333,       54,        356,       106,       1225
214,      508,       316,       404,       334,       317,       332,       54,        356,       106,       1235
214,      510,       318,       405,       335,       320,       334,       55,        357,       108,       1310
215,      510,       317,       406,       334,       320,       334,       55,        359,       107,       1315
214,      510,       318,       405,       335,       319,       334,       57,        358,       107,       1315
216,      509,       317,       405,       335,       318,       334,       54,        358,       107,       1295
214,      511,       317,       404,       334,       319,       334,       55,        358,       107,       1295
214,      510,       317,       405,       335,       318,       333,       55,        357,       107,       1285
216,      512,       319,       406,       336,       320,       335,       57,        360,       107,       1370
216,      513,       319,       406,       337,       321,       336,       57,        360,       109,       1400
216,      511,       319,       407,       336,       320,       335,       56,        360,       108,       1370
217,      513,       318,       407,       336,       320,       335,       56,        360,       108,       1380
218,      512,       320,       409,       338,       321,       337,       59,        361,       109,       1450
218,      514,       321,       408,       339,       322,       337,       58,        362,       109,       1470
219,      514,       320,       409,       338,       322,       339,       58,        363,       109,       1485
218,      515,       320,       407,       337,       321,       336,       56,        361,       109,       1430
217,      513,       320,       407,       336,       320,       336,       55,        361,       108,       1395
220,      515,       323,       411,       340,       324,       341,       59,        365,       111,       1575
220,      515,       322,       409,       338,       323,       339,       58,        365,       110,       1525
222,      517,       325,       413,       342,       326,       342,       62,        368,       113,       1680
219,      515,       321,       409,       338,       322,       339,       58,        365,       110,       1510
222,      517,       324,       413,       341,       325,       342,       61,        367,       113,       1655
221,      516,       324,       412,       341,       325,       341,       59,        367,       112,       1620
224,      518,       325,       413,       343,       327,       342,       61,        368,       114,       1705
219,      516,       322,       410,       339,       324,       339,       58,        365,       111,       1545
219,      518,       321,       409,       338,       322,       338,       57,        364,       110,       1510
218,      516,       319,       408,       337,       321,       338,       57,        363,       108,       1455
217,      515,       320,       407,       336,       320,       336,       55,        362,       108,       1410
221,      517,       323,       411,       340,       323,       339,       60,        366,       111,       1585
220,      518,       322,       410,       340,       323,       339,       59,        366,       110,       1565
218,      516,       321,       408,       337,       323,       337,       56,        364,       108,       1470
217,      515,       319,       407,       336,       320,       337,       55,        363,       107,       1410
217,      515,       320,       408,       336,       320,       337,       55,        363,       107,       1420
221,      518,       321,       410,       338,       323,       339,       57,        365,       110,       1540
217,      517,       321,       407,       335,       320,       336,       55,        363,       108,       1425
219,      516,       320,       408,       337,       321,       337,       56,        365,       107,       1460
219,      519,       319,       409,       337,       321,       338,       55,        365,       109,       1485
220,      517,       320,       411,       337,       322,       338,       56,        366,       109,       1510
220,      520,       321,       410,       338,       322,       339,       56,        367,       109,       1540
220,      520,       322,       410,       339,       323,       340,       58,        367,       109,       1570
221,      519,       322,       411,       339,       323,       339,       57,        367,       110,       1570
222,      520,       322,       412,       339,       323,       341,       58,        368,       111,       1610
221,      519,       323,       411,       338,       323,       340,       58,        367,       111,       1585
220,      520,       322,       411,       338,       322,       339,       57,        366,       110,       1555
217,      519,       319,       408,       335,       320,       337,       53,        364,       106,       1420
218,      519,       319,       408,       335,       320,       337,       53,        363,       107,       1425
218,      519,       319,       408,       335,       319,       336,       54,        363,       107,       1420
218,      520,       319,       408,       335,       319,       337,       53,        364,       107,       1430
217,      521,       320,       407,       336,       320,       336,       55,        365,       107,       1450
219,      519,       319,       408,       335,       320,       336,       54,        365,       107,       1440
218,      519,       320,       408,       335,       320,       337,       54,        364,       107,       1440
218,      520,       318,       408,       335,       319,       337,       54,        365,       106,       1430
217,      521,       318,       408,       335,       320,       337,       54,        363,       106,       1425
219,      519,       318,       409,       335,       318,       337,       54,        364,       106,       1425
217,      520,       318,       408,       334,       320,       337,       54,        365,       107,       1430
217,      519,       319,       408,       334,       319,       336,       55,        364,       105,       1410
217,      521,       319,       408,       335,       319,       337,       54,        364,       107,       1435
218,      521,       319,       410,       335,       320,       337,       53,        366,       107,       1460
216,      520,       319,       408,       334,       319,       336,       54,        364,       106,       1410
219,      522,       319,       408,       336,       320,       337,       53,        366,       106,       1460
219,      521,       320,       409,       335,       321,       338,       55,        366,       107,       1485
218,      521,       319,       409,       334,       320,       337,       53,        365,       107,       1445
219,      522,       320,       410,       336,       319,       336,       54,        366,       107,       1475
220,      523,       321,       411,       337,       321,       339,       56,        367,       107,       1540
223,      523,       323,       413,       338,       324,       341,       58,        370,       109,       1640
221,      524,       322,       412,       338,       323,       339,       55,        369,       110,       1595
222,      525,       324,       412,       340,       323,       341,       58,        370,       111,       1660
220,      523,       323,       412,       338,       322,       339,       56,        369,       108,       1580
221,      523,       322,       411,       336,       321,       338,       56,        367,       108,       1545
220,      525,       321,       411,       338,       321,       339,       56,        369,       109,       1575
221,      524,       322,       411,       337,       321,       339,       56,        368,       109,       1570
221,      525,       322,       412,       338,       322,       339,       56,        368,       109,       1590
219,      525,       321,       411,       337,       320,       340,       54,        369,       109,       1555
220,      523,       321,       410,       335,       321,       338,       54,        367,       107,       1510
218,      521,       320,       411,       336,       315,       338,       55,        368,       107,       1475
220,      521,       321,       410,       334,       318,       337,       55,        368,       109,       1495
219,      520,       321,       411,       335,       318,       336,       55,        366,       108,       1475
220,      523,       321,       411,       334,       320,       339,       53,        368,       109,       1520
221,      521,       322,       410,       334,       320,       338,       54,        368,       108,       1510
220,      522,       322,       411,       334,       320,       338,       56,        367,       109,       1525
221,      523,       322,       412,       336,       320,       339,       57,        369,       109,       1570
222,      523,       321,       412,       336,       320,       339,       55,        370,       108,       1560
222,      524,       323,       412,       336,       321,       339,       56,        369,       109,       1585
222,      522,       323,       412,       336,       321,       339,       56,        369,       108,       1570
221,      523,       322,       413,       336,       320,       340,       56,        370,       110,       1585
222,      524,       323,       413,       336,       321,       340,       55,        370,       110,       1600
221,      523,       323,       412,       336,       320,       339,       56,        369,       109,       1570
225,      526,       325,       415,       340,       325,       344,       59,        375,       113,       1765
225,      526,       327,       418,       339,       325,       344,       59,        374,       114,       1785
219,      522,       322,       411,       333,       317,       338,       53,        367,       108,       1480
220,      524,       322,       411,       335,       319,       339,       54,        369,       109,       1540
220,      523,       321,       412,       333,       318,       338,       54,        369,       108,       1510
221,      524,       321,       412,       334,       318,       338,       56,        368,       108,       1530
219,      522,       320,       410,       334,       318,       337,       55,        369,       107,       1485
219,      522,       322,       411,       332,       316,       336,       54,        367,       107,       1460
219,      523,       321,       411,       333,       318,       338,       53,        367,       108,       1485
220,      524,       321,       410,       334,       319,       337,       54,        369,       107,       1505
220,      523,       321,       412,       332,       317,       337,       54,        369,       107,       1490
220,      523,       322,       413,       333,       317,       338,       55,        368,       108,       1515
223,      525,       322,       414,       335,       320,       340,       56,        370,       109,       1600
221,      526,       323,       412,       336,       319,       339,       56,        370,       109,       1585
222,      524,       323,       413,       334,       319,       339,       55,        370,       109,       1570
223,      525,       324,       414,       336,       321,       339,       56,        371,       110,       1625
223,      527,       324,       414,       337,       321,       340,       56,        373,       110,       1655
223,      525,       324,       413,       334,       321,       339,       56,        371,       109,       1605
223,      526,       324,       414,       336,       321,       341,       56,        373,       110,       1650
223,      527,       324,       414,       336,       321,       339,       56,        373,       110,       1645
221,      526,       325,       415,       336,       321,       339,       56,        371,       110,       1630
223,      528,       324,       413,       336,       320,       341,       56,        373,       110,       1650
223,      527,       324,       415,       335,       320,       341,       57,        371,       111,       1650
224,      527,       325,       415,       337,       321,       341,       58,        374,       110,       1690
226,      528,       325,       416,       337,       322,       342,       57,        375,       111,       1725
226,      528,       327,       417,       339,       323,       344,       58,        374,       113,       1775
227,      529,       328,       418,       339,       322,       344,       60,        375,       113,       1805
229,      530,       327,       418,       338,       324,       344,       58,        378,       113,       1825
227,      531,       328,       418,       340,       324,       344,       59,        378,       114,       1845
225,      528,       327,       417,       337,       322,       342,       58,        374,       111,       1735
226,      529,       326,       417,       337,       322,       342,       58,        374,       111,       1740
226,      530,       325,       416,       338,       322,       343,       57,        375,       112,       1750
224,      529,       326,       417,       337,       322,       342,       57,        374,       112,       1730
226,      530,       326,       417,       338,       321,       342,       58,        375,       111,       1750
225,      530,       326,       416,       337,       323,       342,       57,        376,       111,       1745
226,      529,       326,       417,       337,       321,       343,       58,        375,       111,       1745
