0,        1,         2,         3,         4,         5,         6,         7,         8,         9,         "T"
377,10,-65,121,
166,      400,       171,       226,       395,       382,       226,       95,        264,       136,       0
163,      402,       173,       224,       394,       383,       226,       93,        265,       138,       0
165,      403,       173,       225,       395,       384,       226,       93,        266,       139,       0
163,      399,       175,       226,       393,       382,       228,       93,        263,       138,       0
163,      401,       173,       224,       393,       382,       226,       94,        264,       138,       0
162,      401,       172,       224,       393,       383,       226,       93,        263,       138,       0
164,      398,       172,       226,       393,       380,       227,       95,        261,       137,       0
166,      400,       171,       225,       395,       381,       225,       95,        265,       136,       0
162,      399,       171,       224,       394,       381,       224,       94,        263,       135,       0
166,      399,       170,       224,       394,       381,       224,       94,        262,       135,       0
161,      395,       167,       223,       391,       379,       223,       91,        260,       132,       0
162,      397,       170,       223,       392,       381,       224,       91,        259,       133,       0
166,      401,       171,       226,       396,       384,       226,       93,        263,       134,       0
165,      403,       175,       225,       397,       386,       228,       93,        265,       140,       0
163,      402,       175,       225,       397,       384,       227,       94,        264,       138,       0
164,      401,       175,       225,       396,       383,       228,       93,        263,       138,       0
163,      401,       175,       224,       393,       383,       228,       92,        264,       139,       0
164,      401,       172,       224,       395,       381,       224,       93,        264,       136,       0
164,      398,       171,       225,       394,       381,       225,       93,        261,       134,       0
168,      403,       171,       225,       399,       386,       226,       96,        266,       136,       0
167,      406,       176,       227,       399,       387,       229,       95,        269,       140,       0
166,      404,       176,       228,       397,       386,       230,       96,        265,       140,       220
169,      403,       175,       231,       399,       383,       229,       99,        267,       139,       250
167,      403,       173,       229,       397,       384,       230,       97,        266,       140,       210
168,      403,       174,       228,       398,       384,       228,       98,        268,       139,       220
167,      401,       178,       229,       396,       383,       229,       98,        265,       140,       210
166,      402,       176,       228,       396,       384,       230,       97,        264,       140,       195
168,      404,       178,       230,       397,       384,       231,       98,        267,       141,       270
167,      402,       176,       229,       395,       384,       230,       97,        264,       140,       200
168,      401,       176,       229,       396,       382,       229,       98,        265,       138,       190
167,      401,       175,       227,       396,       383,       229,       96,        265,       139,       170
168,      403,       173,       228,       397,       382,       227,       96,        267,       138,       175
165,      402,       175,       227,       393,       384,       230,       95,        265,       140,       160
167,      402,       175,       227,       396,       383,       227,       96,        266,       138,       165
165,      399,       177,       228,       393,       381,       227,       96,        263,       138,       115
165,      401,       177,       227,       394,       383,       228,       94,        263,       140,       140
168,      403,       176,       227,       397,       382,       228,       96,        266,       139,       190
168,      404,       176,       227,       395,       385,       228,       98,        268,       139,       220
166,      400,       174,       227,       394,       381,       227,       97,        263,       137,       110
164,      400,       176,       227,       394,       384,       228,       94,        264,       139,       130
167,      401,       175,       227,       394,       382,       228,       96,        266,       138,       150
167,      401,       174,       226,       396,       383,       227,       97,        265,       137,       145
165,      400,       175,       226,       394,       383,       228,       95,        264,       138,       120
163,      398,       174,       226,       392,       382,       226,       94,        262,       136,       45
164,      399,       173,       224,       395,       384,       226,       94,        263,       137,       75
164,      397,       175,       225,       392,       383,       227,       94,        263,       137,       65
164,      398,       174,       224,       394,       383,       226,       95,        263,       136,       65
162,      399,       175,       224,       393,       386,       226,       93,        264,       137,       75
165,      398,       171,       223,       395,       385,       225,       94,        264,       135,       55
164,      396,       173,       226,       394,       384,       226,       94,        261,       136,       50
164,      400,       177,       226,       396,       388,       229,       95,        265,       139,       175
165,      400,       175,       225,       397,       389,       227,       95,        267,       139,       175
167,      399,       173,       227,       399,       388,       227,       98,        266,       137,       185
165,      400,       173,       226,       397,       388,       226,       95,        264,       139,       145
164,      399,       174,       225,       395,       388,       226,       94,        263,       138,       110
166,      397,       172,       226,       397,       387,       227,       97,        264,       135,       120
165,      398,       173,       225,       397,       387,       225,       95,        264,       136,       105
166,      399,       172,       226,       397,       387,       225,       96,        265,       136,       125
164,      399,       173,       224,       396,       390,       227,       94,        265,       138,       130
163,      398,       172,       224,       398,       389,       226,       94,        265,       137,       110
165,      399,       171,       225,       399,       390,       226,       94,        265,       136,       130
164,      396,       168,       223,       395,       386,       224,       94,        264,       134,       20
161,      392,       166,       219,       392,       387,       220,       89,        260,       129,       -145
163,      399,       171,       223,       397,       396,       225,       91,        261,       135,       85
167,      403,       168,       224,       403,       399,       225,       92,        265,       133,       175
165,      402,       171,       226,       404,       399,       228,       93,        266,       135,       225
164,      402,       174,       224,       404,       401,       229,       92,        265,       137,       240
166,      402,       174,       227,       407,       398,       228,       94,        264,       136,       260
167,      402,       174,       227,       408,       396,       229,       96,        267,       137,       295
166,      402,       174,       225,       405,       396,       229,       94,        268,       138,       265
166,      402,       173,       225,       407,       396,       228,       95,        268,       137,       265
165,      400,       176,       225,       405,       395,       229,       94,        267,       138,       250
168,      400,       173,       226,       404,       393,       226,       95,        266,       136,       215
167,      401,       175,       227,       405,       394,       228,       96,        266,       137,       260
167,      401,       174,       226,       403,       396,       229,       95,        268,       136,       255
166,      401,       174,       226,       403,       397,       229,       94,        267,       139,       260
165,      402,       175,       226,       403,       396,       229,       94,        267,       139,       260
166,      401,       172,       226,       403,       394,       229,       94,        266,       138,       225
168,      402,       174,       226,       405,       395,       228,       95,        269,       136,       270
166,      401,       175,       225,       403,       396,       228,       95,        266,       138,       245
166,      403,       175,       225,       404,       396,       229,       93,        268,       139,       270
168,      401,       173,       227,       404,       395,       230,       96,        267,       137,       270
164,      401,       174,       225,       401,       397,       229,       94,        265,       138,       220
165,      401,       171,       225,       403,       395,       227,       93,        266,       137,       195
168,      401,       169,       228,       405,       395,       229,       96,        267,       136,       250
165,      401,       175,       227,       402,       398,       230,       94,        268,       139,       275
166,      400,       174,       228,       403,       394,       230,       96,        265,       136,       240
167,      400,       173,       227,       403,       394,       228,       95,        265,       136,       220
167,      404,       174,       225,       407,       399,       228,       94,        269,       137,       300
167,      404,       174,       226,       405,       399,       229,       94,        269,       137,       300
169,      405,       174,       227,       407,       399,       229,       96,        269,       138,       345
166,      403,       174,       227,       404,       398,       232,       94,        268,       138,       300
168,      405,       175,       226,       407,       400,       229,       93,        269,       138,       330
169,      405,       175,       229,       406,       398,       233,       95,        268,       139,       365
166,      405,       175,       226,       407,       398,       229,       93,        268,       138,       305
166,      404,       179,       227,       404,       399,       232,       93,        267,       140,       335
167,      405,       174,       226,       407,       399,       228,       94,        268,       138,       310
168,      404,       176,       227,       406,       400,       232,       95,        269,       138,       355
168,      405,       175,       228,       406,       400,       233,       95,        269,       139,       370
168,      405,       173,       227,       409,       398,       230,       96,        267,       137,       330
166,      404,       176,       227,       406,       400,       231,       93,        268,       139,       330
169,      405,       173,       230,       407,       400,       231,       97,        270,       137,       375
165,      403,       177,       228,       405,       399,       231,       93,        267,       140,       320
170,      403,       175,       228,       408,       399,       230,       96,        268,       137,       350
168,      406,       174,       227,       409,       400,       230,       93,        271,       138,       360
168,      406,       174,       227,       409,       400,       230,       95,        271,       138,       370
168,      405,       175,       228,       406,       399,       232,       94,        269,       138,       350
168,      406,       174,       228,       408,       401,       230,       93,        268,       138,       350
168,      404,       173,       228,       407,       399,       231,       94,        267,       138,       325
169,      405,       173,       230,       408,       401,       231,       95,        270,       138,       380
167,      407,       175,       227,       407,       404,       232,       93,        270,       141,       395
167,      407,       176,       227,       406,       402,       232,       93,        270,       138,       370
169,      406,       175,       228,       410,       400,       230,       95,        270,       137,       380
169,      408,       175,       228,       409,       401,       231,       94,        271,       139,       405
168,      405,       175,       230,       406,       401,       233,       94,        268,       139,       375
168,      405,       175,       231,       408,       400,       231,       97,        268,       137,       380
168,      407,       175,       228,       407,       403,       233,       93,        270,       140,       400
169,      408,       176,       227,       408,       401,       232,       95,        270,       139,       405
171,      406,       175,       230,       408,       402,       231,       95,        270,       139,       415
168,      406,       177,       228,       408,       403,       231,       93,        270,       140,       400
170,      406,       174,       230,       409,       402,       234,       96,        271,       138,       430
169,      410,       173,       227,       409,       403,       231,       95,        272,       138,       415
170,      408,       175,       229,       408,       402,       232,       95,        269,       139,       415
171,      410,       176,       228,       412,       406,       233,       94,        273,       140,       495
169,      407,       177,       231,       409,       404,       235,       95,        271,       139,       465
170,      407,       176,       230,       411,       402,       233,       95,        270,       139,       445
170,      408,       175,       231,       410,       404,       235,       95,        271,       140,       475
169,      409,       179,       230,       408,       406,       235,       94,        272,       142,       500
170,      407,       174,       230,       411,       403,       232,       96,        270,       138,       435
170,      411,       176,       230,       412,       407,       233,       95,        273,       141,       520
171,      408,       176,       231,       411,       403,       234,       96,        272,       140,       490
170,      409,       175,       230,       410,       405,       235,       95,        272,       142,       495
169,      410,       176,       230,       409,       405,       235,       94,        271,       141,       480
171,      410,       176,       231,       411,       404,       233,       95,        272,       139,       490
171,      409,       176,       231,       409,       403,       234,       96,        271,       139,       475
171,      409,       174,       230,       409,       404,       236,       94,        272,       139,       470
169,      410,       174,       229,       410,       406,       233,       93,        272,       139,       455
170,      408,       176,       229,       409,       405,       233,       95,        270,       138,       445
169,      408,       178,       229,       408,       404,       235,       92,        271,       141,       455
168,      410,       178,       229,       407,       405,       235,       92,        272,       142,       470
169,      408,       178,       230,       409,       404,       235,       94,        270,       142,       475
170,      408,       177,       231,       410,       405,       236,       95,        269,       140,       485
169,      411,       177,       228,       410,       406,       235,       93,        274,       141,       500
172,      409,       176,       230,       411,       404,       233,       95,        271,       139,       480
166,      402,       171,       225,       404,       401,       229,       87,        264,       132,       185
168,      408,       172,       227,       408,       410,       231,       91,        268,       134,       365
166,      408,       169,       223,       409,       411,       229,       85,        268,       132,       280
169,      412,       170,       226,       414,       412,       230,       88,        270,       133,       400
168,      412,       169,       226,       415,       415,       232,       87,        269,       133,       410
169,      417,       171,       226,       420,       418,       233,       88,        273,       136,       535
168,      417,       170,       225,       418,       417,       233,       86,        272,       136,       490
172,      420,       178,       230,       423,       426,       240,       92,        275,       140,       760
171,      419,       173,       229,       423,       419,       236,       91,        274,       136,       635
168,      417,       171,       226,       420,       420,       234,       86,        272,       137,       535
172,      422,       173,       229,       425,       424,       237,       89,        277,       139,       715
169,      419,       168,       226,       422,       423,       235,       86,        273,       135,       560
169,      418,       168,       226,       424,       421,       233,       85,        273,       133,       530
172,      426,       174,       229,       428,       429,       239,       89,        278,       140,       800
169,      420,       168,       225,       424,       421,       234,       85,        274,       135,       555
172,      421,       171,       227,       426,       426,       235,       87,        275,       135,       655
171,      422,       173,       228,       428,       424,       237,       87,        273,       137,       680
171,      423,       170,       226,       427,       424,       237,       86,        276,       136,       660
174,      425,       172,       228,       432,       426,       238,       88,        280,       137,       780
175,      424,       176,       232,       429,       423,       242,       90,        277,       140,       820
175,      427,       178,       234,       432,       424,       244,       94,        281,       145,       950
175,      423,       178,       235,       429,       418,       243,       94,        282,       143,       880
175,      422,       175,       233,       428,       418,       240,       94,        281,       143,       825
171,      418,       176,       230,       419,       416,       238,       90,        275,       140,       645
172,      419,       174,       229,       419,       415,       237,       88,        275,       139,       615
173,      421,       178,       231,       422,       420,       242,       92,        278,       143,       780
173,      418,       180,       233,       421,       416,       242,       93,        277,       144,       765
174,      419,       180,       234,       420,       414,       243,       95,        278,       143,       780
175,      420,       178,       234,       420,       416,       242,       93,        279,       144,       785
173,      418,       177,       233,       421,       414,       239,       95,        277,       141,       720
174,      419,       179,       234,       420,       414,       242,       94,        278,       145,       775
176,      421,       178,       234,       420,       417,       242,       95,        281,       145,       825
174,      417,       178,       236,       417,       411,       241,       95,        279,       144,       740
174,      417,       178,       235,       418,       410,       242,       97,        279,       145,       755
173,      414,       178,       233,       414,       410,       241,       94,        276,       143,       660
175,      415,       175,       234,       415,       409,       239,       96,        277,       141,       660
173,      413,       174,       235,       413,       408,       240,       96,        274,       141,       615
173,      415,       177,       233,       414,       412,       241,       93,        276,       144,       670
175,      418,       178,       234,       415,       416,       243,       95,        277,       145,       760
177,      417,       177,       236,       417,       414,       243,       98,        281,       145,       805
175,      418,       178,       234,       417,       414,       242,       95,        278,       145,       760
176,      420,       180,       235,       417,       415,       243,       96,        280,       146,       820
175,      416,       173,       232,       417,       414,       238,       93,        278,       141,       665
171,      413,       173,       232,       412,       411,       239,       91,        272,       139,       545
174,      416,       173,       231,       415,       416,       237,       91,        275,       139,       615
172,      415,       172,       231,       416,       417,       237,       91,        273,       137,       585
171,      419,       173,       230,       418,       421,       239,       89,        275,       139,       650
174,      422,       175,       231,       422,       424,       241,       89,        278,       141,       765
174,      420,       176,       232,       421,       422,       243,       91,        277,       139,       755
172,      421,       176,       231,       422,       424,       240,       90,        276,       140,       740
176,      423,       176,       232,       426,       425,       241,       91,        278,       139,       815
173,      423,       176,       230,       424,       424,       242,       89,        279,       139,       775
176,      422,       174,       233,       425,       424,       242,       91,        280,       138,       805
175,      425,       178,       232,       428,       426,       243,       90,        278,       142,       865
175,      423,       174,       232,       427,       427,       243,       90,        280,       139,       830
178,      428,       177,       233,       432,       428,       243,       93,        281,       142,       955
173,      423,       176,       231,       426,       425,       241,       88,        278,       138,       775
175,      423,       173,       230,       428,       428,       241,       87,        278,       136,       775
174,      427,       172,       230,       430,       432,       243,       87,        280,       138,       845
175,      428,       176,       231,       431,       431,       243,       88,        278,       139,       880
176,      430,       175,       231,       432,       435,       243,       87,        281,       139,       925
178,      433,       178,       232,       437,       438,       245,       89,        284,       142,       1060
181,      435,       179,       236,       439,       436,       249,       92,        287,       144,       1170
178,      433,       182,       237,       438,       434,       249,       92,        285,       145,       1145
178,      432,       181,       234,       435,       431,       247,       91,        284,       144,       1065
177,      429,       181,       235,       435,       432,       247,       91,        282,       144,       1045
175,      429,       179,       234,       432,       429,       247,       89,        283,       143,       980
174,      428,       178,       232,       431,       429,       245,       88,        282,       142,       925
174,      425,       177,       233,       430,       428,       245,       88,        281,       140,       885
176,      427,       177,       233,       431,       428,       245,       89,        282,       141,       925
177,      430,       180,       234,       431,       429,       247,       90,        283,       143,       1000
179,      433,       179,       235,       435,       434,       248,       91,        286,       145,       1105
178,      429,       177,       234,       432,       429,       245,       91,        283,       141,       975
177,      426,       179,       235,       430,       428,       247,       91,        281,       141,       955
180,      431,       180,       237,       434,       432,       248,       93,        286,       143,       1100
178,      433,       181,       236,       433,       433,       248,       92,        286,       147,       1115
179,      429,       181,       238,       432,       429,       250,       93,        283,       144,       1070
180,      429,       180,       238,       433,       429,       249,       94,        284,       144,       1080
179,      430,       182,       237,       431,       430,       249,       93,        285,       145,       1085
176,      427,       181,       235,       429,       428,       247,       90,        283,       143,       975
179,      430,       182,       236,       431,       435,       249,       91,        283,       145,       1085
178,      428,       181,       236,       431,       431,       249,       90,        284,       144,       1040
182,      431,       184,       242,       435,       427,       252,       98,        286,       146,       1195
179,      431,       186,       239,       433,       426,       251,       95,        287,       149,       1160
180,      428,       186,       240,       431,       423,       253,       96,        288,       149,       1150
180,      426,       187,       240,       429,       424,       252,       97,        288,       151,       1150
179,      425,       184,       240,       426,       420,       250,       96,        284,       149,       1045
181,      423,       183,       240,       425,       416,       249,       97,        284,       146,       1000
178,      424,       185,       239,       422,       419,       249,       95,        285,       148,       1000
178,      423,       185,       240,       423,       417,       249,       97,        284,       147,       995
178,      419,       183,       240,       421,       415,       247,       96,        283,       146,       920
177,      423,       184,       237,       420,       418,       247,       94,        284,       147,       935
178,      422,       183,       238,       419,       417,       248,       96,        284,       145,       930
178,      421,       183,       239,       420,       415,       246,       96,        284,       146,       920
177,      420,       182,       237,       419,       416,       247,       94,        282,       145,       875
177,      418,       182,       240,       420,       415,       248,       97,        283,       145,       905
178,      421,       182,       238,       418,       415,       246,       95,        283,       145,       885
176,      418,       182,       238,       416,       413,       248,       95,        280,       146,       840
177,      419,       183,       240,       418,       415,       249,       96,        282,       147,       910
179,      419,       184,       240,       420,       416,       249,       97,        284,       146,       950
178,      418,       186,       240,       417,       414,       249,       97,        281,       146,       910
177,      418,       185,       238,       417,       417,       248,       95,        282,       149,       910
180,      419,       185,       242,       419,       416,       249,       99,        284,       146,       975
178,      418,       186,       240,       418,       418,       250,       97,        285,       148,       970
177,      418,       186,       239,       418,       416,       249,       96,        282,       150,       935
180,      419,       185,       241,       421,       416,       249,       98,        285,       147,       985
179,      419,       186,       240,       422,       418,       249,       98,        287,       147,       1005
179,      417,       185,       241,       420,       417,       250,       98,        285,       146,       970
177,      418,       186,       239,       419,       417,       249,       97,        284,       148,       950
178,      416,       189,       242,       419,       417,       252,       98,        284,       150,       1005
178,      416,       186,       240,       421,       417,       250,       98,        287,       147,       980
176,      413,       184,       240,       420,       415,       248,       98,        285,       147,       910
175,      414,       184,       238,       419,       418,       249,       96,        286,       147,       910
176,      411,       186,       240,       419,       416,       251,       97,        285,       147,       920
175,      411,       188,       241,       418,       417,       252,       97,        284,       149,       940
175,      410,       185,       241,       419,       416,       251,       98,        284,       147,       910
176,      411,       188,       240,       420,       418,       252,       97,        285,       149,       960
179,      412,       188,       243,       422,       419,       253,       101,       287,       149,       1045
177,      412,       190,       241,       420,       419,       253,       99,        287,       151,       1025
177,      409,       185,       241,       421,       417,       251,       99,        285,       147,       940
176,      408,       185,       242,       419,       415,       249,       98,        283,       146,       885
176,      410,       187,       241,       420,       417,       252,       97,        284,       151,       955
176,      411,       186,       239,       422,       418,       249,       98,        287,       148,       950
175,      407,       186,       241,       420,       417,       252,       99,        286,       149,       940
173,      406,       185,       240,       419,       416,       251,       97,        284,       148,       875
174,      407,       186,       239,       418,       417,       251,       96,        284,       149,       885
175,      410,       186,       240,       419,       418,       252,       97,        285,       150,       940
177,      409,       184,       241,       419,       415,       250,       98,        283,       145,       885
177,      409,       184,       240,       418,       415,       249,       97,        283,       145,       865
177,      412,       184,       238,       419,       417,       248,       96,        285,       147,       895
176,      410,       185,       240,       418,       415,       251,       97,        283,       147,       890
175,      412,       184,       239,       419,       417,       248,       95,        285,       146,       880
177,      412,       184,       239,       419,       416,       248,       98,        284,       146,       895
176,      410,       183,       241,       416,       414,       251,       97,        283,       145,       860
170,      405,       179,       233,       411,       411,       244,       90,        277,       142,       590
176,      413,       185,       239,       418,       422,       249,       94,        281,       146,       895
175,      416,       186,       238,       420,       422,       250,       93,        285,       148,       945
177,      414,       184,       239,       421,       417,       248,       95,        285,       146,       910
177,      415,       184,       240,       422,       417,       249,       97,        285,       146,       940
179,      416,       185,       240,       423,       419,       250,       97,        286,       146,       985
177,      415,       186,       241,       422,       418,       251,       97,        287,       147,       985
177,      415,       186,       240,       420,       417,       250,       97,        284,       146,       940
178,      414,       187,       241,       419,       417,       253,       97,        284,       147,       965
178,      415,       185,       242,       421,       417,       250,       98,        286,       146,       970
178,      416,       186,       242,       421,       419,       252,       98,        286,       149,       1015
179,      414,       188,       242,       419,       417,       252,       97,        284,       148,       980
176,      415,       187,       240,       418,       417,       252,       95,        283,       149,       940
177,      412,       187,       240,       418,       416,       250,       96,        283,       145,       900
175,      413,       187,       238,       418,       417,       248,       94,        284,       146,       880
175,      413,       181,       236,       419,       417,       247,       92,        284,       144,       820
179,      415,       184,       241,       421,       418,       249,       96,        286,       146,       955
176,      413,       183,       237,       420,       418,       248,       94,        284,       145,       870
175,      412,       188,       241,       419,       417,       252,       96,        283,       147,       930
178,      414,       187,       242,       422,       418,       253,       96,        287,       146,       995
176,      413,       187,       241,       418,       417,       252,       95,        285,       149,       945
176,      414,       189,       241,       419,       418,       253,       96,        283,       149,       970
172,      410,       182,       235,       415,       417,       245,       90,        280,       142,       720
177,      415,       180,       235,       420,       424,       246,       91,        282,       142,       840
173,      414,       180,       234,       420,       427,       246,       88,        280,       141,       795
181,      421,       186,       242,       430,       429,       251,       96,        289,       146,       1135
179,      419,       184,       241,       429,       426,       252,       95,        288,       146,       1075
178,      417,       185,       241,       428,       423,       252,       96,        287,       145,       1040
174,      416,       184,       238,       426,       424,       250,       92,        286,       147,       965
174,      414,       187,       239,       424,       424,       253,       93,        287,       149,       1000
173,      409,       182,       239,       422,       418,       250,       93,        285,       143,       850
173,      412,       185,       239,       422,       425,       252,       93,        287,       148,       960
173,      411,       186,       238,       423,       424,       252,       93,        286,       148,       950
173,      407,       183,       240,       423,       418,       251,       95,        284,       144,       870
172,      406,       184,       239,       421,       419,       252,       93,        285,       145,       860
172,      409,       184,       237,       421,       421,       250,       92,        286,       146,       870
177,      408,       183,       241,       424,       419,       250,       97,        286,       145,       930
175,      409,       182,       240,       424,       420,       250,       95,        286,       145,       910
173,      406,       181,       240,       421,       417,       251,       94,        285,       146,       850
172,      409,       182,       237,       421,       418,       248,       94,        285,       146,       840
173,      409,       183,       238,       420,       419,       252,       93,        285,       147,       875
175,      411,       182,       238,       421,       420,       250,       93,        288,       146,       900
175,      408,       183,       242,       419,       415,       251,       96,        285,       144,       870
173,      408,       182,       238,       418,       419,       249,       92,        284,       147,       830
175,      411,       183,       240,       419,       419,       252,       95,        285,       146,       905
174,      412,       182,       239,       422,       420,       249,       93,        287,       146,       900
176,      411,       184,       240,       421,       419,       250,       95,        288,       148,       940
174,      412,       184,       239,       420,       422,       251,       93,        286,       148,       925
178,      412,       182,       240,       421,       419,       250,       97,        286,       145,       930
175,      410,       182,       240,       420,       419,       251,       95,        284,       146,       890
174,      408,       186,       240,       420,       420,       253,       93,        286,       148,       920
176,      411,       184,       240,       421,       421,       253,       93,        288,       149,       960
175,      413,       186,       240,       420,       421,       251,       93,        287,       148,       950
177,      413,       184,       242,       419,       417,       252,       95,        284,       147,       930
177,      418,       184,       240,       420,       421,       251,       93,        288,       147,       975
178,      419,       183,       239,       421,       421,       250,       93,        288,       147,       975
179,      419,       189,       241,       420,       422,       252,       94,        286,       149,       1035
178,      420,       188,       242,       420,       421,       252,       94,        286,       149,       1030
177,      417,       186,       241,       417,       418,       252,       93,        285,       146,       940
181,      421,       185,       243,       422,       421,       251,       96,        288,       146,       1050
177,      422,       185,       240,       419,       422,       249,       92,        285,       148,       975
181,      421,       184,       242,       421,       419,       250,       95,        287,       146,       1010
181,      423,       186,       241,       422,       419,       250,       94,        289,       147,       1040
180,      423,       186,       241,       421,       420,       251,       94,        287,       146,       1025
179,      424,       188,       241,       419,       421,       250,       93,        288,       147,       1030
178,      425,       188,       241,       419,       420,       251,       93,        286,       147,       1020
179,      422,       190,       242,       418,       418,       252,       94,        285,       148,       1020
181,      423,       186,       243,       419,       419,       252,       94,        286,       147,       1030
179,      425,       185,       241,       419,       420,       251,       93,        287,       146,       1010
179,      423,       184,       240,       419,       418,       249,       93,        287,       145,       965
179,      422,       185,       242,       418,       418,       251,       93,        284,       145,       965
178,      423,       186,       240,       420,       419,       250,       93,        287,       147,       995
179,      423,       187,       243,       419,       419,       252,       93,        288,       148,       1035
181,      425,       186,       242,       419,       419,       250,       94,        289,       147,       1040
181,      426,       186,       242,       420,       419,       250,       95,        289,       147,       1055
180,      423,       188,       243,       419,       420,       252,       94,        286,       149,       1050
181,      424,       186,       244,       419,       417,       252,       96,        288,       146,       1045
181,      425,       190,       244,       419,       420,       253,       95,        288,       149,       1100
181,      423,       190,       244,       418,       420,       253,       95,        288,       149,       1085
184,      423,       190,       245,       420,       418,       253,       97,        290,       148,       1120
182,      424,       191,       245,       418,       419,       255,       96,        288,       150,       1120
179,      424,       190,       243,       418,       420,       252,       94,        289,       149,       1070
180,      424,       188,       244,       418,       419,       251,       94,        288,       148,       1050
180,      424,       188,       243,       417,       420,       252,       93,        288,       150,       1055
177,      417,       182,       239,       413,       412,       247,       91,        284,       141,       795
182,      424,       187,       243,       420,       421,       251,       93,        288,       148,       1065
180,      425,       188,       243,       421,       421,       252,       94,        287,       148,       1075
182,      425,       187,       245,       420,       419,       254,       95,        289,       147,       1095
183,      425,       185,       245,       422,       420,       250,       97,        291,       147,       1105
180,      424,       188,       244,       420,       420,       252,       95,        288,       150,       1085
181,      423,       189,       245,       421,       421,       254,       95,        291,       150,       1130
180,      422,       186,       242,       420,       419,       249,       94,        289,       145,       1010
181,      423,       188,       244,       419,       420,       252,       94,        288,       148,       1065
178,      424,       187,       242,       420,       421,       251,       93,        290,       149,       1055
181,      424,       188,       244,       422,       423,       253,       95,        292,       149,       1135
180,      421,       188,       244,       420,       421,       252,       93,        289,       150,       1070
181,      421,       185,       244,       422,       420,       251,       95,        290,       147,       1060
