0,        1,         2,         3,         4,         5,         6,         7,         8,         9,         "T"
376,10,-55,116,
174,      360,       194,       216,       380,       399,       279,       82,        276,       120,       0
173,      360,       193,       216,       380,       397,       277,       83,        275,       118,       0
172,      360,       194,       215,       381,       400,       278,       81,        276,       119,       0
172,      359,       194,       215,       379,       400,       279,       81,        275,       119,       0
172,      358,       193,       216,       381,       397,       278,       82,        276,       118,       0
172,      360,       194,       214,       380,       400,       278,       81,        278,       119,       0
173,      359,       194,       215,       380,       398,       278,       82,        274,       118,       0
174,      360,       193,       215,       382,       399,       278,       82,        276,       119,       0
172,      358,       195,       216,       380,       398,       278,       81,        275,       119,       0
172,      358,       194,       215,       380,       399,       279,       82,        276,       119,       0
172,      360,       194,       215,       380,       400,       279,       81,        277,       119,       0
173,      360,       194,       215,       380,       399,       278,       81,        276,       119,       0
172,      359,       193,       215,       382,       399,       277,       82,        276,       119,       0
173,      359,       194,       216,       382,       399,       279,       83,        277,       119,       0
173,      359,       194,       216,       380,       399,       279,       81,        275,       119,       0
172,      359,       194,       215,       380,       398,       278,       82,        275,       119,       0
173,      359,       193,       216,       381,       398,       278,       82,        275,       119,       0
172,      360,       193,       215,       382,       400,       278,       81,        277,       119,       0
172,      358,       193,       214,       381,       399,       277,       82,        275,       118,       0
172,      359,       194,       216,       380,       398,       278,       81,        276,       118,       0
173,      360,       193,       216,       381,       399,       279,       82,        276,       119,       0
171,      360,       194,       214,       380,       399,       277,       81,        275,       119,       0
171,      359,       193,       215,       382,       399,       277,       81,        275,       119,       0
173,      360,       193,       214,       382,       398,       277,       82,        276,       118,       0
173,      360,       193,       214,       380,       399,       279,       81,        276,       120,       0
173,      358,       193,       215,       380,       399,       279,       82,        276,       118,       -10
172,      359,       194,       215,       380,       398,       278,       82,        275,       119,       -15
172,      359,       194,       215,       380,       400,       278,       81,        277,       120,       5
173,      360,       193,       214,       381,       399,       277,       82,        277,       119,       0
172,      358,       193,       214,       381,       398,       276,       82,        276,       118,       -35
172,      358,       193,       215,       380,       398,       279,       81,        276,       120,       -15
173,      358,       194,       216,       381,       398,       279,       82,        276,       119,       5
173,      358,       192,       215,       380,       397,       277,       83,        274,       118,       -40
172,      360,       193,       214,       381,       399,       277,       81,        276,       119,       -15
173,      360,       193,       215,       379,       400,       278,       81,        276,       119,       -5
172,      360,       195,       215,       379,       398,       278,       82,        276,       119,       -5
173,      361,       194,       215,       380,       399,       277,       81,        275,       119,       -5
174,      360,       193,       215,       381,       400,       279,       82,        276,       119,       20
174,      361,       193,       216,       381,       398,       277,       82,        275,       119,       5
172,      360,       194,       215,       380,       399,       278,       82,        275,       119,       -5
174,      361,       194,       216,       381,       399,       278,       82,        277,       120,       35
175,      361,       193,       215,       381,       400,       279,       82,        276,       118,       25
173,      359,       194,       215,       380,       399,       278,       81,        274,       119,       -15
173,      360,       194,       215,       381,       399,       279,       81,        275,       119,       5
175,      362,       193,       214,       381,       401,       277,       81,        277,       118,       20
173,      359,       194,       215,       380,       399,       278,       81,        275,       118,       -15
174,      360,       193,       215,       381,       399,       279,       82,        275,       118,       5
175,      360,       192,       216,       382,       400,       278,       82,        277,       118,       25
172,      359,       194,       214,       381,       401,       277,       81,        274,       119,       -15
173,      360,       193,       214,       382,       400,       277,       82,        276,       118,       0
174,      361,       194,       214,       381,       401,       278,       82,        277,       119,       30
174,      361,       193,       214,       382,       401,       278,       82,        276,       118,       20
173,      360,       193,       215,       382,       401,       277,       81,        275,       119,       5
173,      361,       192,       215,       383,       402,       277,       81,        277,       119,       25
175,      361,       192,       215,       382,       400,       277,       83,        277,       118,       25
173,      360,       193,       214,       383,       400,       276,       83,        275,       117,       -5
174,      361,       193,       215,       383,       401,       277,       83,        277,       118,       35
174,      362,       193,       214,       383,       403,       278,       81,        277,       118,       40
172,      360,       194,       215,       382,       401,       277,       82,        275,       118,       5
172,      359,       194,       215,       383,       401,       278,       82,        275,       119,       15
173,      360,       193,       214,       382,       401,       279,       81,        276,       119,       15
174,      360,       193,       214,       383,       402,       277,       81,        277,       117,       15
175,      361,       193,       215,       384,       401,       277,       82,        276,       118,       35
175,      361,       193,       215,       384,       401,       278,       81,        278,       118,       45
174,      361,       193,       214,       383,       401,       277,       81,        278,       118,       25
173,      361,       193,       214,       383,       401,       277,       81,        276,       118,       10
173,      361,       193,       214,       383,       403,       278,       81,        277,       118,       30
173,      360,       194,       215,       382,       403,       279,       81,        276,       119,       35
172,      360,       194,       215,       382,       401,       278,       81,        274,       118,       0
175,      360,       193,       215,       383,       401,       277,       82,        277,       118,       30
173,      360,       194,       215,       382,       402,       278,       81,        276,       119,       25
172,      361,       193,       214,       382,       402,       278,       81,        276,       119,       15
175,      362,       193,       215,       383,       401,       278,       82,        276,       118,       40
174,      361,       194,       215,       382,       402,       279,       81,        277,       120,       50
174,      361,       195,       215,       382,       401,       278,       81,        275,       118,       25
173,      361,       193,       214,       384,       401,       277,       82,        276,       118,       20
175,      361,       193,       215,       383,       403,       279,       82,        277,       119,       60
175,      362,       193,       215,       384,       401,       279,       82,        277,       118,       55
174,      362,       193,       215,       384,       402,       277,       81,        276,       118,       35
176,      362,       194,       216,       384,       402,       278,       82,        277,       119,       75
173,      364,       194,       215,       383,       404,       278,       81,        275,       120,       60
173,      362,       194,       215,       383,       403,       278,       81,        275,       119,       40
174,      362,       194,       216,       383,       403,       279,       81,        276,       120,       65
175,      363,       194,       215,       383,       404,       280,       82,        278,       120,       95
173,      363,       194,       215,       383,       403,       279,       82,        276,       120,       65
175,      363,       193,       216,       384,       402,       279,       83,        277,       118,       75
174,      363,       194,       215,       385,       405,       279,       81,        278,       120,       95
174,      363,       194,       215,       384,       406,       281,       81,        278,       120,       105
174,      364,       194,       215,       385,       405,       280,       81,        278,       120,       105
173,      363,       194,       215,       385,       405,       279,       81,        277,       120,       85
174,      363,       194,       215,       384,       405,       280,       81,        276,       119,       80
175,      365,       195,       216,       385,       406,       281,       81,        278,       120,       135
177,      364,       194,       216,       387,       406,       279,       82,        278,       119,       135
175,      365,       194,       216,       386,       405,       280,       81,        277,       119,       115
175,      366,       194,       216,       386,       405,       279,       81,        279,       120,       130
176,      367,       195,       216,       385,       406,       280,       82,        278,       121,       155
176,      365,       195,       216,       385,       405,       281,       81,        276,       120,       125
176,      365,       194,       217,       387,       406,       280,       82,        278,       120,       150
177,      366,       195,       216,       386,       407,       282,       81,        279,       121,       175
176,      365,       194,       218,       386,       405,       281,       83,        277,       120,       150
176,      365,       194,       217,       387,       406,       280,       82,        278,       119,       145
177,      367,       194,       216,       388,       407,       282,       81,        279,       120,       180
176,      368,       195,       216,       387,       406,       281,       81,        280,       122,       185
175,      367,       196,       217,       387,       406,       280,       82,        278,       121,       170
175,      368,       195,       216,       387,       406,       281,       82,        280,       121,       180
177,      366,       194,       217,       387,       406,       282,       82,        279,       120,       175
175,      366,       196,       217,       386,       406,       281,       81,        278,       121,       160
175,      367,       196,       217,       387,       408,       283,       81,        278,       121,       190
176,      367,       196,       217,       387,       407,       283,       81,        279,       122,       200
176,      366,       195,       217,       387,       407,       283,       81,        278,       121,       180
177,      366,       196,       218,       387,       405,       282,       82,        279,       120,       185
176,      369,       195,       216,       388,       409,       283,       81,        282,       122,       230
177,      369,       195,       217,       388,       409,       282,       81,        280,       122,       225
176,      367,       196,       217,       388,       407,       282,       81,        279,       121,       195
176,      368,       195,       218,       388,       407,       282,       82,        279,       122,       210
176,      368,       195,       218,       388,       408,       284,       81,        280,       121,       220
176,      368,       196,       217,       387,       408,       282,       81,        279,       123,       210
175,      368,       196,       218,       388,       408,       283,       81,        279,       123,       220
177,      368,       195,       219,       388,       407,       283,       82,        280,       121,       225
176,      369,       197,       217,       388,       409,       282,       81,        281,       122,       235
176,      368,       197,       218,       388,       408,       282,       81,        279,       121,       215
178,      368,       196,       219,       390,       408,       283,       82,        282,       121,       260
177,      369,       196,       218,       388,       408,       284,       81,        281,       123,       250
177,      369,       196,       218,       389,       408,       282,       82,        280,       121,       235
176,      368,       196,       219,       389,       407,       283,       81,        280,       122,       230
178,      369,       196,       218,       388,       409,       285,       82,        281,       122,       265
176,      369,       196,       219,       388,       408,       284,       81,        281,       122,       245
177,      369,       196,       218,       390,       408,       283,       82,        281,       122,       255
178,      370,       197,       218,       390,       408,       284,       83,        281,       122,       280
177,      369,       196,       219,       389,       409,       284,       82,        282,       123,       275
176,      368,       197,       219,       388,       408,       284,       82,        281,       123,       255
178,      369,       196,       219,       389,       409,       284,       81,        282,       123,       275
179,      370,       196,       219,       390,       409,       284,       82,        283,       123,       300
176,      368,       197,       219,       388,       407,       285,       81,        281,       122,       245
176,      369,       198,       219,       388,       409,       285,       81,        280,       123,       265
177,      369,       197,       219,       388,       409,       286,       81,        283,       124,       290
177,      370,       197,       219,       388,       409,       285,       81,        283,       123,       285
176,      369,       198,       219,       388,       408,       285,       81,        282,       123,       270
178,      370,       196,       219,       390,       409,       284,       81,        282,       122,       280
178,      370,       197,       220,       388,       409,       285,       82,        285,       123,       310
177,      370,       197,       219,       388,       410,       285,       82,        283,       124,       300
179,      368,       196,       220,       389,       408,       285,       82,        282,       122,       280
178,      371,       196,       219,       389,       410,       284,       81,        284,       124,       305
178,      370,       197,       220,       388,       408,       283,       81,        284,       124,       290
178,      369,       197,       219,       389,       408,       284,       81,        283,       123,       280
177,      371,       198,       219,       389,       410,       285,       81,        284,       125,       320
177,      370,       198,       220,       389,       409,       286,       81,        284,       125,       320
178,      370,       197,       220,       389,       408,       284,       82,        282,       122,       285
179,      369,       198,       220,       389,       409,       286,       82,        283,       123,       315
178,      371,       198,       219,       389,       410,       286,       81,        285,       124,       330
178,      371,       198,       220,       388,       408,       286,       81,        285,       124,       320
178,      371,       198,       220,       389,       410,       285,       81,        283,       124,       320
178,      370,       198,       220,       389,       408,       286,       82,        284,       123,       315
180,      372,       196,       220,       391,       409,       286,       82,        286,       123,       350
178,      372,       198,       220,       390,       411,       286,       81,        286,       124,       355
177,      371,       199,       220,       388,       410,       286,       81,        285,       124,       330
176,      370,       198,       220,       388,       409,       286,       81,        284,       124,       305
178,      370,       197,       221,       390,       408,       286,       82,        284,       124,       325
178,      371,       199,       220,       389,       410,       288,       81,        286,       125,       360
177,      373,       198,       220,       389,       411,       286,       81,        285,       125,       350
178,      370,       198,       222,       389,       409,       288,       82,        284,       123,       340
179,      371,       197,       221,       390,       410,       287,       82,        285,       124,       355
179,      371,       198,       221,       390,       410,       287,       82,        287,       123,       365
177,      371,       198,       220,       389,       410,       286,       81,        286,       124,       335
179,      371,       198,       221,       390,       410,       288,       82,        287,       123,       370
180,      372,       198,       220,       390,       410,       288,       82,        288,       123,       380
178,      371,       198,       222,       389,       408,       287,       82,        286,       124,       350
177,      371,       199,       221,       389,       409,       288,       81,        285,       124,       345
179,      374,       198,       220,       390,       411,       288,       81,        288,       125,       395
178,      373,       199,       220,       390,       411,       288,       81,        288,       125,       390
178,      371,       198,       221,       389,       408,       287,       82,        286,       124,       345
178,      373,       199,       221,       389,       409,       288,       81,        288,       125,       380
180,      373,       199,       220,       390,       410,       288,       82,        289,       125,       405
178,      372,       200,       221,       388,       408,       290,       81,        288,       125,       380
179,      372,       198,       222,       390,       409,       287,       82,        287,       124,       375
179,      374,       199,       221,       390,       410,       289,       81,        289,       124,       405
179,      372,       199,       221,       390,       410,       289,       82,        288,       125,       400
180,      373,       198,       222,       390,       409,       288,       82,        287,       124,       390
180,      374,       199,       221,       390,       410,       288,       81,        288,       125,       405
178,      374,       199,       221,       389,       411,       290,       81,        289,       126,       415
178,      373,       199,       222,       390,       409,       288,       81,        288,       124,       385
179,      374,       199,       221,       390,       409,       289,       81,        288,       125,       400
179,      373,       199,       221,       390,       411,       291,       81,        289,       125,       420
179,      374,       198,       222,       390,       410,       289,       81,        290,       125,       415
177,      373,       200,       221,       388,       410,       289,       81,        288,       125,       385
180,      373,       199,       221,       389,       409,       289,       82,        288,       124,       395
179,      374,       200,       221,       389,       412,       292,       81,        289,       126,       440
181,      373,       199,       222,       390,       409,       290,       81,        289,       125,       420
179,      372,       199,       222,       390,       409,       290,       82,        288,       124,       400
180,      374,       199,       221,       390,       410,       291,       81,        290,       125,       430
179,      373,       199,       222,       390,       410,       291,       81,        290,       125,       425
178,      373,       200,       222,       390,       411,       290,       81,        289,       125,       420
179,      373,       200,       222,       389,       411,       292,       81,        290,       125,       435
179,      375,       200,       222,       389,       412,       292,       81,        291,       126,       460
180,      373,       199,       223,       389,       410,       292,       81,        289,       124,       425
178,      372,       200,       222,       389,       410,       292,       80,        288,       125,       405
181,      374,       199,       222,       391,       410,       292,       82,        291,       125,       460
178,      374,       200,       223,       389,       411,       293,       81,        290,       126,       450
180,      372,       199,       223,       390,       408,       292,       82,        289,       124,       420
180,      373,       199,       223,       390,       410,       293,       82,        289,       124,       440
179,      374,       200,       223,       389,       410,       293,       81,        291,       125,       450
178,      374,       200,       222,       390,       412,       292,       81,        291,       125,       450
179,      373,       200,       223,       389,       410,       293,       81,        290,       126,       445
178,      374,       201,       222,       389,       411,       294,       81,        292,       126,       465
180,      375,       199,       222,       390,       410,       292,       81,        292,       126,       460
180,      373,       199,       223,       390,       409,       293,       81,        291,       124,       440
180,      374,       200,       223,       389,       410,       294,       81,        291,       125,       460
179,      375,       201,       222,       390,       411,       294,       81,        292,       127,       485
179,      374,       200,       222,       390,       412,       293,       80,        292,       125,       460
179,      373,       201,       223,       390,       411,       293,       81,        291,       125,       460
179,      373,       200,       224,       390,       410,       294,       81,        291,       126,       465
181,      375,       200,       223,       390,       411,       294,       82,        293,       125,       495
180,      376,       200,       223,       389,       412,       294,       80,        291,       126,       480
179,      374,       201,       223,       388,       410,       294,       81,        290,       126,       455
180,      373,       201,       224,       389,       409,       294,       80,        290,       125,       450
180,      374,       200,       223,       390,       410,       293,       80,        292,       126,       465
179,      374,       201,       223,       389,       412,       295,       81,        293,       127,       495
180,      374,       201,       224,       388,       408,       295,       81,        293,       125,       470
179,      373,       200,       224,       390,       410,       294,       81,        291,       125,       460
180,      375,       201,       224,       389,       410,       294,       81,        293,       126,       490
179,      375,       201,       223,       390,       412,       295,       80,        292,       126,       490
180,      375,       201,       223,       389,       409,       294,       81,        291,       126,       470
180,      374,       200,       223,       390,       410,       294,       82,        292,       124,       470
181,      376,       201,       223,       390,       412,       295,       81,        294,       126,       520
181,      375,       201,       224,       389,       410,       295,       82,        293,       125,       500
180,      374,       200,       223,       390,       410,       294,       81,        292,       125,       470
180,      374,       201,       223,       389,       411,       296,       80,        293,       127,       495
180,      375,       201,       224,       388,       409,       295,       81,        293,       125,       480
179,      374,       201,       223,       389,       410,       294,       81,        294,       126,       480
180,      375,       202,       224,       390,       411,       296,       81,        293,       127,       520
180,      377,       201,       223,       391,       412,       295,       81,        295,       126,       530
179,      375,       201,       224,       390,       410,       294,       80,        292,       126,       480
179,      375,       201,       224,       390,       411,       294,       81,        293,       126,       495
180,      376,       201,       224,       391,       411,       295,       81,        294,       127,       525
180,      375,       202,       224,       389,       411,       296,       81,        295,       127,       525
181,      376,       201,       224,       390,       410,       294,       82,        293,       125,       505
181,      375,       200,       225,       390,       410,       295,       81,        293,       126,       505
181,      377,       201,       223,       390,       412,       296,       80,        294,       126,       525
180,      376,       201,       224,       389,       410,       295,       80,        293,       126,       495
180,      376,       201,       224,       391,       411,       294,       81,        294,       127,       520
181,      376,       201,       224,       390,       411,       295,       81,        294,       125,       515
181,      375,       201,       224,       390,       410,       295,       81,        294,       125,       505
180,      375,       201,       224,       390,       410,       294,       81,        293,       126,       495
180,      376,       202,       224,       391,       411,       296,       81,        296,       127,       545
181,      377,       201,       224,       390,       412,       297,       81,        294,       127,       545
180,      374,       202,       225,       389,       410,       296,       81,        293,       126,       505
181,      375,       202,       224,       390,       412,       296,       80,        293,       127,       525
179,      376,       202,       225,       390,       412,       297,       81,        295,       127,       545
180,      376,       201,       224,       391,       411,       295,       81,        295,       125,       520
180,      374,       202,       225,       390,       411,       297,       81,        293,       126,       520
180,      377,       202,       224,       391,       413,       297,       80,        295,       127,       555
180,      375,       202,       226,       390,       411,       297,       81,        295,       125,       535
180,      375,       203,       225,       389,       411,       296,       81,        294,       127,       530
180,      376,       203,       225,       390,       412,       298,       81,        296,       127,       565
182,      377,       202,       225,       392,       412,       296,       81,        297,       126,       575
179,      374,       202,       226,       390,       411,       297,       81,        294,       126,       525
180,      376,       202,       225,       391,       412,       295,       80,        296,       127,       545
182,      376,       202,       226,       391,       412,       297,       82,        297,       127,       585
180,      376,       202,       225,       390,       413,       297,       80,        296,       127,       555
181,      376,       201,       225,       391,       411,       296,       82,        295,       126,       545
182,      376,       202,       226,       391,       411,       298,       82,        296,       126,       575
181,      375,       202,       226,       390,       412,       297,       81,        297,       126,       560
179,      375,       203,       226,       390,       411,       297,       80,        295,       128,       545
180,      377,       203,       225,       391,       413,       297,       80,        297,       128,       580
181,      376,       204,       225,       390,       412,       298,       80,        297,       128,       580
180,      375,       203,       226,       390,       410,       297,       80,        296,       127,       545
180,      375,       203,       225,       391,       411,       297,       80,        295,       127,       545
182,      377,       202,       226,       392,       412,       297,       81,        298,       127,       595
181,      376,       203,       227,       391,       411,       297,       81,        298,       127,       585
180,      376,       203,       226,       391,       410,       297,       81,        297,       127,       565
181,      377,       203,       226,       391,       412,       297,       81,        299,       127,       595
180,      377,       204,       226,       389,       411,       298,       81,        299,       128,       590
180,      375,       204,       226,       390,       410,       296,       80,        297,       128,       555
181,      376,       203,       227,       391,       410,       297,       81,        297,       127,       575
183,      378,       203,       227,       392,       412,       298,       81,        299,       127,       625
181,      377,       202,       226,       391,       411,       297,       81,        297,       127,       575
181,      376,       204,       226,       390,       411,       297,       81,        298,       128,       585
181,      376,       202,       227,       392,       411,       297,       82,        299,       127,       595
181,      378,       203,       226,       391,       413,       299,       80,        299,       128,       615
182,      377,       203,       227,       391,       412,       298,       81,        298,       127,       605
181,      377,       203,       227,       390,       411,       297,       81,        297,       127,       580
182,      377,       203,       226,       391,       411,       296,       80,        298,       127,       580
182,      376,       203,       227,       391,       411,       298,       81,        299,       127,       600
181,      378,       204,       226,       391,       413,       298,       80,        300,       128,       620
181,      376,       203,       227,       391,       410,       297,       81,        298,       126,       575
180,      377,       204,       226,       390,       412,       297,       80,        298,       128,       585
181,      377,       203,       227,       391,       411,       299,       81,        299,       128,       610
181,      377,       204,       227,       391,       411,       298,       81,        299,       128,       610
180,      376,       205,       227,       389,       410,       298,       81,        298,       128,       585
181,      377,       203,       227,       392,       411,       297,       80,        300,       128,       605
180,      378,       204,       227,       389,       412,       297,       80,        300,       128,       600
182,      377,       203,       227,       391,       411,       296,       81,        300,       127,       600
182,      379,       203,       227,       392,       412,       297,       80,        300,       128,       625
183,      379,       204,       227,       392,       412,       298,       81,        302,       128,       655
180,      379,       204,       227,       390,       412,       297,       81,        298,       128,       605
181,      377,       204,       227,       391,       412,       297,       81,        301,       127,       615
182,      378,       204,       228,       390,       411,       299,       81,        301,       127,       630
181,      378,       205,       228,       389,       410,       299,       81,        301,       128,       625
182,      378,       204,       227,       391,       412,       297,       81,        300,       128,       625
183,      378,       204,       228,       391,       411,       299,       81,        300,       127,       635
181,      377,       204,       229,       391,       410,       297,       81,        301,       128,       620
182,      377,       204,       228,       390,       411,       297,       81,        300,       128,       615
181,      379,       204,       227,       391,       413,       298,       80,        301,       128,       635
182,      378,       205,       227,       390,       412,       300,       80,        301,       129,       645
181,      378,       205,       228,       390,       411,       297,       81,        300,       128,       620
183,      377,       203,       228,       392,       411,       298,       82,        300,       127,       630
183,      378,       204,       228,       391,       411,       297,       81,        302,       128,       640
180,      378,       205,       228,       390,       411,       298,       80,        301,       129,       625
183,      379,       204,       228,       391,       412,       297,       80,        302,       128,       645
181,      379,       205,       228,       390,       412,       299,       80,        303,       129,       655
182,      378,       205,       227,       390,       412,       298,       80,        300,       129,       630
180,      378,       205,       227,       391,       412,       298,       80,        302,       129,       635
182,      378,       205,       228,       390,       412,       299,       81,        302,       128,       650
181,      378,       206,       228,       389,       411,       300,       81,        303,       129,       655
181,      379,       205,       228,       390,       411,       298,       81,        302,       128,       640
182,      379,       205,       228,       390,       411,       299,       81,        302,       129,       655
182,      378,       206,       228,       390,       411,       298,       80,        303,       129,       650
181,      377,       206,       229,       390,       411,       298,       80,        302,       129,       640
182,      379,       205,       228,       392,       411,       298,       80,        303,       129,       660
182,      378,       204,       229,       390,       411,       299,       82,        304,       128,       660
182,      378,       205,       229,       390,       410,       298,       81,        302,       128,       640
181,      379,       206,       228,       389,       411,       298,       80,        303,       129,       645
182,      378,       205,       229,       391,       411,       298,       81,        303,       128,       655
182,      377,       206,       229,       390,       410,       299,       81,        303,       128,       650
183,      379,       205,       228,       392,       411,       297,       81,        302,       128,       655
183,      379,       205,       229,       391,       410,       299,       81,        303,       128,       665
182,      379,       205,       228,       391,       411,       298,       81,        302,       127,       645
181,      378,       205,       228,       391,       412,       298,       80,        302,       129,       645
183,      380,       205,       229,       391,       411,       298,       81,        304,       128,       675
182,      378,       205,       230,       390,       411,       300,       80,        304,       129,       670
183,      378,       205,       229,       391,       411,       298,       81,        303,       127,       655
182,      377,       206,       229,       391,       412,       299,       80,        304,       129,       670
183,      379,       205,       230,       391,       411,       299,       81,        305,       128,       685
182,      379,       205,       229,       392,       411,       297,       82,        304,       128,       670
183,      379,       205,       229,       392,       411,       299,       81,        305,       128,       685
183,      379,       205,       230,       392,       411,       299,       81,        306,       129,       700
183,      379,       205,       229,       391,       412,       298,       80,        303,       128,       665
181,      377,       206,       229,       391,       411,       299,       80,        303,       129,       655
181,      380,       206,       229,       391,       412,       299,       81,        306,       129,       695
182,      379,       206,       230,       390,       412,       300,       81,        305,       129,       695
182,      380,       207,       229,       390,       411,       299,       81,        305,       130,       695
183,      379,       206,       229,       392,       411,       297,       81,        304,       128,       675
181,      378,       207,       229,       390,       411,       299,       80,        304,       129,       665
183,      379,       206,       230,       392,       411,       299,       81,        306,       129,       705
182,      379,       206,       229,       390,       411,       300,       81,        305,       130,       690
183,      378,       206,       230,       391,       411,       299,       81,        304,       128,       680
181,      380,       206,       229,       391,       411,       299,       80,        304,       128,       670
182,      378,       207,       230,       390,       412,       300,       81,        306,       130,       705
181,      379,       207,       229,       390,       413,       300,       80,        305,       129,       690
182,      378,       207,       231,       391,       410,       299,       81,        306,       128,       690
182,      380,       207,       229,       391,       412,       300,       81,        305,       129,       705
183,      378,       206,       230,       393,       412,       299,       81,        307,       128,       710
181,      379,       207,       230,       390,       412,       299,       80,        306,       129,       690
182,      379,       207,       230,       391,       412,       301,       81,        306,       129,       715
182,      379,       207,       230,       390,       412,       300,       81,        305,       129,       700
181,      380,       207,       229,       390,       412,       298,       81,        306,       128,       685
182,      379,       207,       230,       391,       413,       299,       80,        306,       129,       705
181,      377,       207,       230,       391,       412,       301,       80,        306,       130,       700
181,      377,       206,       230,       392,       413,       298,       80,        307,       129,       690
181,      376,       206,       230,       391,       411,       301,       81,        306,       128,       680
182,      376,       206,       230,       392,       412,       300,       81,        307,       128,       695
181,      375,       206,       231,       391,       411,       300,       81,        306,       128,       675
180,      375,       207,       230,       390,       411,       299,       81,        306,       130,       670
182,      375,       207,       231,       391,       411,       301,       81,        307,       129,       700
180,      375,       207,       231,       391,       411,       300,       81,        307,       129,       685
180,      375,       207,       230,       390,       412,       300,       80,        306,       129,       670
181,      374,       205,       231,       392,       411,       300,       81,        307,       128,       675
180,      375,       207,       230,       390,       412,       301,       80,        307,       129,       680
179,      376,       207,       230,       391,       412,       300,       80,        307,       129,       680
180,      376,       208,       230,       391,       412,       300,       81,        308,       130,       705
182,      376,       206,       231,       392,       412,       300,       81,        308,       129,       710
180,      376,       206,       230,       392,       412,       298,       81,        306,       129,       675
180,      375,       207,       231,       391,       410,       299,       81,        306,       129,       670
182,      377,       207,       230,       392,       412,       299,       81,        309,       129,       715
