0,        1,         2,         3,         4,         5,         6,         7,         8,         9,         "T"
367,10,-48,114,
179,      390,       219,       239,       440,       393,       275,       80,        273,       135,       0
179,      392,       219,       239,       441,       394,       275,       80,        275,       134,       0
180,      392,       219,       238,       440,       394,       274,       79,        273,       135,       0
178,      391,       218,       239,       440,       393,       274,       79,        274,       135,       0
179,      392,       219,       238,       440,       393,       275,       79,        273,       135,       0
181,      392,       219,       238,       441,       394,       276,       80,        275,       135,       0
179,      391,       219,       238,       440,       394,       274,       80,        272,       134,       0
181,      392,       218,       238,       441,       394,       274,       79,        274,       134,       0
180,      392,       219,       239,       441,       393,       275,       79,        274,       134,       0
180,      391,       218,       239,       440,       395,       275,       79,        273,       134,       0
180,      393,       218,       238,       440,       394,       275,       79,        274,       136,       0
179,      392,       219,       238,       440,       395,       275,       79,        273,       135,       0
179,      391,       219,       238,       440,       394,       275,       79,        273,       135,       0
180,      392,       219,       239,       441,       394,       275,       80,        275,       134,       0
178,      391,       219,       239,       439,       394,       275,       79,        272,       135,       0
180,      391,       219,       239,       441,       394,       275,       80,        275,       134,       0
180,      391,       219,       239,       440,       394,       274,       80,        272,       135,       0
181,      392,       218,       239,       442,       395,       275,       79,        275,       134,       0
179,      392,       219,       239,       441,       395,       275,       79,        273,       135,       0
181,      393,       219,       238,       441,       396,       275,       79,        275,       134,       0
180,      392,       219,       239,       443,       396,       276,       79,        273,       135,       0
180,      394,       219,       239,       443,       397,       275,       79,        274,       135,       0
182,      394,       219,       240,       444,       399,       276,       80,        275,       135,       0
181,      394,       219,       239,       444,       399,       276,       79,        274,       135,       0
181,      394,       220,       239,       445,       398,       277,       79,        275,       135,       0
182,      395,       218,       239,       446,       399,       275,       79,        275,       135,       0
180,      397,       219,       239,       446,       399,       275,       79,        275,       135,       0
181,      397,       220,       239,       446,       401,       276,       79,        277,       135,       0
181,      395,       219,       239,       446,       400,       277,       79,        276,       135,       0
182,      395,       219,       239,       446,       399,       277,       80,        274,       135,       0
181,      396,       219,       239,       447,       400,       276,       80,        275,       136,       0
182,      396,       219,       239,       446,       399,       277,       80,        275,       135,       0
181,      397,       220,       239,       446,       399,       276,       79,        275,       135,       100
181,      395,       220,       239,       446,       398,       277,       79,        275,       135,       90
183,      396,       219,       239,       447,       399,       277,       80,        277,       135,       125
180,      394,       219,       239,       447,       399,       277,       79,        276,       135,       90
181,      395,       219,       239,       446,       398,       277,       79,        276,       135,       90
180,      394,       219,       239,       445,       398,       277,       80,        274,       136,       75
180,      394,       219,       239,       445,       399,       277,       79,        274,       135,       70
181,      394,       219,       239,       445,       398,       277,       80,        276,       135,       85
180,      393,       219,       239,       445,       398,       276,       79,        274,       135,       55
181,      394,       220,       239,       445,       399,       277,       80,        276,       135,       95
181,      394,       220,       239,       445,       399,       275,       79,        274,       135,       70
182,      394,       218,       239,       446,       398,       277,       80,        277,       134,       90
180,      394,       219,       239,       445,       397,       276,       79,        274,       135,       55
182,      393,       218,       239,       446,       398,       277,       79,        275,       135,       75
181,      393,       219,       239,       444,       396,       276,       80,        274,       134,       45
181,      393,       218,       239,       446,       399,       277,       79,        276,       134,       75
180,      393,       218,       239,       444,       396,       276,       80,        274,       134,       35
180,      394,       220,       238,       444,       398,       278,       79,        276,       135,       75
180,      392,       219,       238,       443,       397,       277,       80,        274,       135,       40
180,      393,       218,       238,       444,       399,       278,       79,        276,       134,       60
179,      391,       219,       239,       443,       397,       277,       80,        274,       134,       30
180,      392,       219,       239,       444,       398,       277,       80,        276,       134,       60
181,      393,       219,       239,       444,       397,       276,       80,        274,       134,       50
179,      394,       218,       238,       445,       400,       278,       79,        276,       135,       75
179,      392,       218,       238,       445,       398,       277,       79,        275,       135,       45
181,      393,       218,       238,       445,       398,       277,       79,        277,       134,       65
180,      392,       218,       238,       444,       397,       277,       79,        275,       134,       35
181,      394,       219,       238,       446,       399,       278,       80,        276,       134,       90
182,      394,       218,       238,       446,       399,       278,       79,        277,       134,       90
180,      392,       218,       238,       446,       399,       278,       80,        277,       134,       75
181,      394,       218,       238,       445,       400,       278,       79,        277,       135,       90
181,      395,       218,       238,       447,       400,       278,       79,        277,       135,       105
180,      392,       218,       238,       446,       399,       278,       79,        276,       134,       65
180,      394,       218,       238,       448,       401,       278,       80,        278,       134,       110
180,      393,       219,       238,       446,       400,       278,       79,        276,       134,       80
181,      394,       218,       238,       447,       400,       279,       79,        278,       135,       110
182,      393,       218,       238,       447,       400,       278,       80,        276,       134,       95
181,      393,       218,       239,       448,       401,       280,       79,        278,       134,       120
179,      393,       218,       239,       448,       401,       279,       80,        276,       134,       100
182,      395,       218,       239,       448,       401,       279,       79,        277,       135,       130
181,      395,       219,       238,       448,       403,       279,       79,        277,       134,       130
182,      396,       218,       239,       450,       403,       280,       79,        279,       134,       165
181,      394,       218,       239,       450,       404,       280,       79,        278,       134,       150
182,      396,       218,       239,       450,       404,       280,       79,        279,       136,       180
182,      397,       219,       238,       450,       405,       280,       79,        278,       134,       175
181,      396,       219,       238,       450,       404,       281,       79,        278,       134,       165
183,      397,       218,       239,       453,       406,       281,       79,        280,       134,       215
181,      396,       218,       239,       452,       405,       280,       79,        279,       135,       185
183,      398,       218,       239,       454,       406,       282,       79,        280,       135,       235
182,      396,       219,       238,       452,       405,       281,       79,        278,       134,       185
183,      398,       219,       238,       455,       406,       282,       79,        281,       134,       240
182,      398,       219,       238,       452,       405,       281,       79,        280,       135,       210
184,      399,       219,       238,       455,       406,       282,       79,        280,       134,       245
182,      397,       219,       239,       453,       407,       282,       79,        280,       134,       225
184,      398,       219,       238,       453,       407,       282,       79,        280,       134,       235
183,      398,       219,       239,       454,       407,       282,       79,        280,       134,       240
183,      399,       220,       239,       456,       408,       283,       79,        281,       134,       275
183,      398,       219,       239,       455,       409,       284,       79,        280,       134,       265
183,      400,       219,       239,       457,       410,       284,       79,        283,       135,       310
184,      400,       219,       240,       457,       409,       283,       80,        282,       134,       305
184,      401,       219,       239,       457,       411,       285,       79,        282,       135,       325
183,      401,       219,       239,       459,       409,       284,       78,        281,       135,       305
183,      400,       220,       240,       458,       411,       285,       79,        283,       135,       335
183,      401,       219,       239,       458,       410,       285,       79,        282,       135,       320
185,      401,       220,       239,       460,       411,       286,       78,        283,       135,       355
183,      401,       219,       239,       460,       410,       285,       78,        282,       135,       325
184,      403,       219,       240,       459,       411,       287,       79,        283,       135,       365
184,      402,       219,       239,       459,       411,       286,       79,        283,       135,       350
184,      402,       220,       240,       459,       411,       286,       79,        283,       135,       360
184,      403,       220,       240,       461,       413,       287,       79,        286,       135,       405
184,      403,       220,       240,       460,       412,       287,       79,        284,       136,       390
186,      403,       220,       240,       461,       411,       287,       78,        284,       135,       390
184,      404,       220,       240,       462,       413,       288,       78,        285,       136,       415
184,      403,       220,       240,       462,       411,       288,       78,        285,       136,       400
185,      404,       220,       240,       462,       413,       289,       79,        286,       136,       435
184,      403,       221,       241,       460,       411,       289,       79,        283,       135,       395
186,      404,       220,       240,       463,       412,       289,       79,        286,       136,       440
185,      404,       221,       241,       462,       411,       288,       79,        284,       136,       420
185,      405,       221,       240,       462,       411,       289,       78,        285,       137,       430
184,      404,       221,       240,       462,       413,       290,       78,        286,       137,       440
184,      404,       220,       240,       462,       412,       289,       78,        285,       136,       415
184,      404,       220,       241,       461,       411,       291,       78,        286,       136,       425
184,      405,       221,       241,       462,       413,       290,       78,        285,       137,       445
185,      404,       221,       240,       462,       413,       291,       79,        286,       136,       450
185,      405,       221,       240,       462,       411,       290,       78,        286,       137,       440
184,      405,       221,       240,       462,       414,       291,       78,        286,       137,       455
185,      405,       221,       241,       461,       412,       291,       78,        286,       136,       445
185,      406,       221,       241,       462,       412,       290,       78,        285,       136,       445
186,      405,       221,       241,       461,       412,       291,       78,        287,       137,       460
186,      406,       221,       241,       463,       413,       292,       78,        287,       137,       485
186,      404,       220,       241,       461,       412,       291,       79,        285,       136,       440
186,      406,       221,       241,       462,       413,       292,       78,        287,       137,       480
185,      406,       222,       241,       462,       412,       292,       78,        286,       137,       470
186,      407,       222,       241,       462,       413,       294,       78,        288,       137,       505
186,      405,       222,       241,       462,       413,       293,       78,        286,       136,       475
186,      407,       221,       241,       463,       414,       293,       78,        288,       137,       505
185,      406,       221,       241,       462,       413,       293,       78,        287,       137,       480
187,      407,       221,       241,       464,       414,       294,       78,        289,       136,       520
186,      406,       222,       242,       462,       413,       293,       78,        289,       137,       505
186,      406,       221,       242,       463,       412,       294,       79,        287,       137,       500
186,      408,       222,       241,       463,       414,       293,       78,        289,       137,       520
186,      407,       222,       241,       463,       412,       295,       78,        287,       136,       500
186,      407,       221,       242,       464,       414,       295,       78,        290,       137,       535
186,      407,       222,       241,       462,       412,       295,       78,        287,       138,       505
186,      407,       222,       242,       463,       412,       296,       78,        288,       137,       520
187,      407,       221,       242,       465,       414,       296,       79,        288,       137,       545
186,      406,       222,       241,       462,       413,       296,       78,        288,       138,       515
186,      408,       222,       242,       463,       413,       296,       78,        288,       138,       535
186,      407,       223,       242,       462,       412,       296,       78,        288,       137,       520
187,      408,       223,       242,       463,       413,       298,       78,        288,       138,       555
186,      408,       222,       241,       462,       413,       297,       77,        290,       138,       535
186,      407,       222,       242,       463,       413,       297,       78,        289,       137,       535
186,      407,       476,       242,       462,       411,       296,       77,        289,       138,       1785
187,      408,       223,       242,       463,       413,       297,       78,        290,       138,       560
187,      408,       224,       242,       464,       414,       298,       78,        290,       138,       580
186,      408,       224,       242,       463,       414,       298,       78,        290,       137,       565
186,      408,       223,       242,       463,       415,       298,       77,        291,       139,       575
187,      409,       223,       242,       464,       415,       298,       78,        291,       138,       590
187,      409,       224,       242,       464,       415,       299,       78,        291,       137,       595
188,      409,       223,       242,       463,       414,       299,       78,        291,       137,       585
186,      408,       223,       242,       465,       416,       299,       77,        291,       138,       590
188,      409,       225,       242,       464,       415,       299,       78,        291,       138,       610
188,      408,       223,       243,       464,       413,       299,       78,        292,       137,       590
187,      408,       225,       242,       463,       414,       300,       77,        291,       138,       590
187,      409,       225,       243,       464,       415,       301,       78,        293,       139,       635
188,      410,       223,       243,       465,       416,       301,       78,        291,       138,       630
187,      409,       224,       242,       464,       416,       301,       77,        293,       139,       625
189,      410,       224,       243,       464,       414,       301,       78,        292,       138,       630
187,      411,       224,       243,       465,       416,       302,       78,        294,       138,       655
187,      410,       224,       243,       465,       416,       301,       77,        292,       139,       635
188,      411,       224,       243,       465,       416,       302,       77,        295,       138,       660
189,      410,       224,       243,       466,       416,       302,       77,        294,       138,       660
188,      412,       224,       243,       464,       417,       302,       77,        293,       138,       655
187,      409,       224,       244,       465,       416,       303,       77,        293,       138,       645
189,      411,       224,       243,       466,       417,       302,       78,        293,       138,       670
189,      412,       225,       243,       466,       415,       303,       78,        295,       138,       685
187,      410,       225,       243,       465,       416,       303,       77,        294,       139,       660
187,      412,       225,       243,       465,       418,       304,       77,        294,       138,       680
188,      410,       225,       243,       465,       416,       302,       77,        294,       138,       655
187,      412,       224,       243,       465,       417,       304,       78,        294,       139,       680
188,      410,       225,       244,       467,       416,       304,       78,        295,       138,       690
188,      410,       225,       244,       466,       417,       305,       78,        294,       138,       690
187,      411,       225,       243,       465,       417,       304,       77,        295,       138,       675
189,      411,       225,       245,       467,       418,       305,       77,        296,       139,       725
187,      411,       225,       244,       466,       417,       305,       78,        296,       139,       705
189,      412,       225,       244,       466,       417,       306,       78,        297,       139,       730
188,      412,       225,       243,       466,       417,       305,       78,        297,       139,       715
189,      412,       225,       244,       467,       417,       306,       77,        297,       139,       730
188,      411,       225,       245,       466,       416,       305,       78,        297,       139,       715
188,      411,       226,       244,       467,       417,       305,       77,        296,       139,       715
189,      412,       226,       244,       466,       417,       305,       77,        296,       139,       720
189,      412,       226,       245,       467,       418,       307,       78,        298,       139,       760
190,      413,       225,       244,       467,       417,       306,       77,        299,       139,       750
189,      413,       225,       244,       468,       418,       307,       78,        298,       139,       760
189,      413,       225,       244,       466,       417,       306,       78,        299,       139,       745
189,      413,       225,       244,       467,       418,       306,       78,        298,       138,       745
189,      412,       226,       245,       466,       416,       306,       78,        297,       139,       735
189,      413,       225,       244,       468,       418,       307,       78,        299,       139,       765
189,      412,       225,       245,       467,       416,       307,       77,        298,       140,       745
189,      413,       225,       244,       468,       418,       308,       78,        301,       139,       780
189,      413,       226,       244,       467,       416,       306,       77,        299,       139,       745
189,      413,       226,       245,       468,       418,       307,       77,        299,       139,       770
189,      412,       225,       245,       467,       415,       307,       78,        299,       138,       740
189,      413,       226,       245,       467,       418,       309,       77,        300,       139,       780
189,      412,       227,       245,       466,       416,       308,       77,        298,       140,       755
189,      413,       227,       245,       467,       417,       308,       77,        300,       138,       770
188,      412,       226,       244,       465,       415,       307,       77,        301,       140,       740
190,      413,       226,       245,       466,       415,       308,       78,        300,       139,       765
188,      412,       226,       245,       465,       416,       309,       77,        300,       139,       750
189,      413,       226,       245,       466,       416,       308,       78,        300,       139,       765
189,      413,       227,       245,       466,       417,       308,       78,        300,       139,       775
189,      412,       226,       246,       466,       415,       308,       77,        301,       139,       760
189,      413,       227,       245,       466,       417,       309,       77,        301,       139,       780
190,      413,       226,       246,       468,       417,       309,       77,        301,       139,       795
189,      412,       226,       245,       465,       415,       308,       77,        301,       139,       750
189,      413,       226,       245,       465,       416,       309,       78,        302,       140,       780
189,      414,       227,       245,       466,       415,       308,       77,        301,       139,       770
189,      414,       227,       245,       465,       416,       310,       76,        302,       140,       785
190,      412,       226,       246,       466,       415,       308,       78,        302,       139,       775
189,      413,       226,       245,       467,       416,       309,       78,        304,       139,       795
189,      412,       227,       246,       465,       414,       308,       78,        301,       140,       765
191,      414,       226,       245,       466,       416,       309,       77,        303,       139,       795
189,      413,       226,       246,       465,       416,       310,       78,        302,       139,       785
188,      413,       226,       245,       465,       415,       308,       77,        302,       141,       765
190,      412,       226,       246,       464,       414,       309,       78,        302,       140,       770
190,      413,       227,       246,       465,       415,       310,       77,        303,       139,       790
189,      412,       227,       245,       465,       416,       310,       77,        303,       140,       785
189,      413,       227,       246,       464,       415,       309,       77,        301,       139,       765
189,      413,       226,       246,       465,       416,       310,       77,        304,       139,       790
188,      411,       226,       246,       466,       415,       308,       78,        302,       139,       760
190,      412,       226,       246,       465,       416,       310,       78,        305,       140,       805
189,      414,       228,       245,       465,       415,       310,       78,        304,       140,       805
189,      412,       226,       246,       464,       414,       309,       78,        304,       140,       775
189,      412,       227,       246,       464,       414,       309,       78,        305,       140,       785
190,      413,       227,       246,       464,       414,       309,       77,        304,       139,       780
190,      412,       227,       246,       464,       411,       308,       78,        303,       139,       755
189,      413,       227,       246,       464,       413,       309,       78,        303,       139,       770
188,      413,       227,       246,       464,       414,       309,       77,        305,       140,       780
188,      412,       227,       246,       463,       414,       308,       77,        303,       139,       750
189,      411,       227,       246,       463,       412,       310,       78,        304,       140,       765
190,      413,       227,       246,       463,       413,       308,       77,        306,       139,       775
189,      412,       227,       246,       463,       412,       308,       78,        305,       139,       760
190,      413,       228,       246,       462,       413,       310,       77,        305,       140,       785
189,      412,       227,       246,       462,       412,       308,       78,        304,       140,       755
189,      412,       227,       246,       462,       412,       309,       78,        304,       139,       755
190,      412,       227,       246,       464,       414,       309,       77,        306,       140,       790
189,      414,       228,       246,       463,       414,       309,       76,        305,       139,       780
190,      412,       228,       247,       465,       414,       309,       78,        304,       139,       795
189,      413,       228,       247,       464,       413,       308,       77,        305,       139,       780
190,      413,       227,       247,       464,       414,       309,       78,        306,       139,       800
191,      415,       228,       246,       465,       414,       310,       78,        306,       139,       825
189,      413,       227,       246,       463,       414,       309,       77,        306,       141,       790
190,      413,       227,       247,       464,       415,       311,       77,        307,       140,       820
189,      414,       227,       246,       465,       414,       309,       77,        306,       140,       800
189,      414,       227,       247,       464,       416,       309,       77,        308,       140,       820
191,      414,       227,       247,       466,       417,       309,       78,        307,       140,       845
191,      416,       227,       247,       466,       417,       310,       78,        308,       140,       865
191,      416,       228,       247,       467,       417,       309,       77,        307,       140,       860
191,      417,       228,       247,       467,       419,       311,       76,        309,       140,       890
192,      416,       228,       247,       468,       417,       309,       78,        308,       140,       880
193,      416,       228,       248,       468,       417,       311,       77,        308,       140,       895
191,      416,       229,       248,       467,       419,       311,       77,        308,       140,       895
192,      416,       228,       248,       469,       417,       311,       77,        309,       141,       905
192,      416,       229,       247,       468,       417,       311,       77,        308,       141,       895
193,      418,       228,       247,       470,       419,       310,       77,        311,       141,       935
192,      417,       229,       247,       470,       419,       310,       78,        309,       140,       920
191,      418,       229,       248,       469,       417,       309,       78,        309,       140,       905
192,      418,       228,       247,       470,       418,       310,       76,        312,       140,       920
192,      416,       229,       248,       469,       416,       310,       78,        308,       140,       895
193,      419,       229,       249,       470,       417,       310,       77,        311,       140,       940
192,      416,       229,       248,       468,       417,       310,       78,        310,       141,       910
192,      418,       228,       247,       467,       417,       309,       77,        311,       140,       895
192,      418,       229,       248,       468,       417,       308,       77,        309,       140,       895
191,      416,       229,       248,       466,       417,       310,       77,        309,       141,       885
190,      418,       229,       247,       468,       418,       310,       77,        311,       141,       910
191,      416,       229,       248,       468,       416,       310,       78,        309,       140,       890
192,      418,       229,       248,       468,       418,       310,       77,        311,       141,       925
193,      417,       229,       248,       468,       417,       310,       78,        312,       140,       925
192,      416,       229,       248,       467,       416,       309,       78,        309,       141,       890
190,      416,       229,       248,       467,       417,       309,       77,        310,       141,       885
192,      417,       229,       249,       467,       416,       309,       77,        311,       141,       905
190,      416,       229,       249,       467,       417,       309,       77,        310,       141,       890
192,      417,       229,       248,       467,       417,       309,       77,        312,       141,       910
191,      415,       230,       248,       466,       415,       309,       77,        310,       141,       875
192,      415,       229,       249,       467,       415,       308,       78,        312,       140,       890
191,      416,       229,       248,       467,       416,       308,       78,        310,       140,       880
192,      416,       229,       248,       468,       415,       308,       78,        312,       140,       895
190,      417,       229,       248,       466,       415,       308,       78,        311,       141,       880
192,      417,       229,       249,       466,       415,       309,       79,        312,       141,       910
190,      417,       229,       248,       465,       416,       308,       77,        311,       141,       875
191,      416,       230,       248,       465,       415,       309,       78,        312,       141,       890
192,      417,       230,       248,       465,       414,       307,       77,        312,       140,       875
190,      416,       230,       249,       465,       415,       308,       77,        310,       141,       870
192,      416,       229,       249,       465,       414,       308,       77,        313,       141,       885
192,      417,       229,       248,       465,       414,       308,       77,        312,       141,       880
191,      415,       230,       249,       464,       415,       307,       77,        311,       141,       865
192,      418,       230,       248,       466,       416,       308,       78,        313,       141,       915
192,      416,       230,       249,       465,       416,       308,       77,        311,       141,       890
193,      418,       230,       248,       467,       418,       308,       77,        314,       141,       935
193,      419,       230,       249,       468,       417,       308,       77,        313,       141,       940
193,      420,       230,       250,       468,       419,       309,       77,        312,       141,       960
192,      420,       231,       249,       468,       419,       308,       77,        312,       141,       950
194,      420,       230,       250,       470,       420,       308,       77,        313,       141,       980
192,      418,       231,       250,       469,       418,       309,       78,        312,       142,       960
194,      420,       231,       250,       470,       420,       310,       77,        314,       141,       1000
193,      419,       231,       250,       471,       419,       309,       78,        312,       141,       980
194,      420,       230,       250,       471,       419,       310,       78,        313,       141,       995
194,      420,       231,       250,       471,       420,       310,       78,        316,       141,       1020
194,      420,       232,       250,       470,       419,       309,       78,        314,       141,       1000
193,      420,       231,       251,       471,       419,       309,       77,        313,       141,       990
194,      421,       231,       250,       471,       421,       310,       77,        316,       143,       1035
192,      420,       231,       250,       471,       421,       310,       77,        315,       141,       1005
194,      421,       231,       250,       472,       420,       310,       78,        316,       141,       1030
192,      420,       231,       250,       471,       420,       310,       77,        315,       142,       1005
193,      421,       231,       250,       470,       421,       309,       77,        317,       142,       1020
193,      421,       231,       250,       472,       420,       310,       78,        315,       141,       1020
194,      421,       231,       250,       470,       421,       311,       77,        317,       143,       1040
193,      420,       231,       250,       473,       421,       310,       77,        314,       141,       1015
195,      422,       231,       251,       472,       420,       309,       78,        316,       141,       1040
194,      421,       231,       250,       472,       420,       310,       78,        317,       142,       1040
194,      421,       231,       251,       471,       420,       310,       78,        315,       142,       1030
194,      422,       231,       250,       472,       422,       310,       77,        317,       142,       1050
194,      421,       232,       250,       472,       421,       310,       77,        317,       142,       1045
195,      423,       232,       251,       473,       421,       311,       77,        317,       142,       1075
194,      422,       231,       250,       473,       421,       310,       78,        316,       142,       1050
194,      423,       232,       250,       472,       421,       312,       77,        317,       142,       1065
194,      422,       231,       251,       472,       420,       311,       78,        315,       141,       1040
195,      423,       232,       252,       472,       420,       311,       77,        316,       141,       1060
195,      422,       231,       251,       473,       422,       312,       77,        318,       142,       1080
194,      422,       232,       251,       472,       421,       311,       77,        317,       142,       1060
194,      424,       233,       252,       473,       421,       311,       76,        317,       142,       1080
195,      424,       232,       252,       473,       421,       311,       77,        318,       142,       1090
195,      423,       231,       251,       472,       420,       312,       77,        318,       142,       1070
194,      423,       232,       251,       473,       423,       312,       77,        318,       143,       1095
195,      422,       232,       251,       472,       420,       311,       77,        317,       142,       1060
195,      425,       232,       251,       474,       421,       311,       77,        320,       142,       1105
194,      422,       232,       251,       472,       420,       311,       77,        317,       142,       1055
194,      424,       232,       251,       472,       422,       312,       77,        317,       143,       1085
194,      422,       232,       251,       473,       419,       311,       78,        316,       141,       1050
194,      423,       232,       251,       472,       421,       312,       77,        318,       142,       1075
195,      424,       233,       252,       473,       422,       313,       77,        318,       143,       1115
194,      422,       232,       252,       472,       420,       312,       77,        317,       142,       1065
194,      424,       233,       251,       473,       421,       312,       76,        318,       143,       1090
195,      423,       233,       252,       472,       421,       313,       77,        319,       143,       1105
195,      423,       233,       251,       473,       420,       312,       77,        319,       143,       1095
194,      422,       233,       252,       472,       421,       312,       77,        318,       142,       1080
196,      423,       232,       251,       472,       421,       312,       77,        319,       142,       1090
194,      422,       232,       252,       471,       420,       313,       77,        317,       142,       1065
195,      424,       232,       251,       471,       420,       312,       77,        319,       143,       1085
194,      422,       232,       252,       471,       420,       312,       78,        318,       142,       1070
195,      423,       232,       253,       471,       419,       312,       77,        318,       142,       1075
193,      421,       233,       252,       470,       418,       312,       77,        317,       143,       1045
195,      423,       232,       252,       470,       420,       312,       77,        319,       143,       1080
195,      424,       233,       253,       471,       418,       312,       78,        318,       142,       1085
195,      421,       232,       252,       469,       418,       312,       78,        319,       142,       1055
193,      422,       233,       252,       469,       418,       311,       77,        318,       143,       1045
195,      422,       233,       253,       470,       418,       312,       78,        319,       142,       1075
194,      421,       233,       252,       468,       417,       312,       77,        318,       143,       1040
194,      421,       233,       252,       470,       419,       312,       76,        319,       143,       1060
195,      422,       233,       253,       469,       417,       312,       77,        319,       142,       1060
194,      421,       233,       252,       468,       416,       311,       77,        317,       142,       1020
195,      421,       233,       253,       469,       417,       312,       78,        318,       143,       1060
196,      422,       233,       253,       469,       418,       312,       78,        319,       142,       1075
195,      422,       233,       252,       469,       417,       311,       77,        318,       142,       1045
194,      421,       232,       253,       469,       417,       312,       78,        319,       142,       1050
194,      421,       233,       252,       468,       417,       312,       77,        318,       143,       1040
195,      421,       233,       252,       469,       417,       311,       77,        320,       142,       1050
194,      422,       233,       253,       468,       418,       312,       76,        318,       143,       1050
193,      421,       233,       253,       468,       417,       311,       77,        318,       143,       1035
195,      421,       233,       253,       468,       416,       312,       77,        318,       142,       1040
196,      422,       233,       253,       469,       417,       313,       77,        319,       142,       1070
195,      421,       233,       253,       468,       415,       312,       77,        319,       142,       1040
193,      422,       233,       252,       468,       416,       311,       77,        318,       143,       1030
