0,        1,         2,         3,         4,         5,         6,         7,         8,         9,         "T"
377,10,-52,116,
162,      294,       182,       180,       368,       390,       258,       92,        211,       96,        0
159,      293,       181,       180,       368,       387,       256,       91,        210,       96,        0
160,      293,       179,       178,       368,       388,       256,       90,        211,       95,        0
160,      293,       179,       179,       367,       386,       256,       92,        211,       94,        0
162,      293,       179,       180,       368,       386,       256,       92,        210,       94,        0
162,      294,       181,       181,       367,       388,       258,       92,        212,       96,        0
160,      293,       181,       181,       367,       386,       256,       92,        209,       95,        0
163,      295,       181,       181,       369,       388,       258,       93,        213,       97,        0
162,      293,       180,       181,       367,       386,       256,       93,        210,       95,        0
162,      293,       180,       180,       367,       388,       257,       92,        211,       95,        0
161,      294,       180,       179,       367,       388,       256,       92,        211,       95,        0
161,      292,       180,       180,       366,       386,       256,       92,        208,       95,        0
161,      294,       181,       180,       367,       388,       257,       91,        212,       96,        0
161,      294,       180,       179,       367,       389,       256,       91,        212,       94,        0
161,      293,       180,       180,       369,       387,       256,       93,        210,       95,        0
162,      294,       180,       181,       367,       386,       257,       92,        210,       96,        0
160,      293,       181,       180,       367,       388,       257,       92,        212,       95,        0
160,      295,       181,       181,       367,       387,       257,       91,        210,       97,        0
162,      293,       180,       181,       367,       387,       257,       93,        210,       95,        0
161,      294,       182,       180,       367,       388,       258,       92,        211,       96,        0
161,      295,       182,       180,       368,       388,       256,       93,        211,       96,        0
161,      294,       182,       181,       367,       387,       257,       93,        210,       96,        0
162,      296,       181,       181,       369,       388,       258,       93,        215,       97,        0
162,      296,       181,       180,       368,       387,       256,       93,        213,       96,        0
161,      294,       182,       181,       368,       386,       257,       93,        211,       97,        0
162,      294,       181,       181,       368,       384,       256,       93,        211,       95,        0
162,      295,       181,       180,       368,       386,       256,       94,        213,       95,        0
160,      294,       181,       180,       366,       385,       256,       92,        212,       96,        0
161,      294,       183,       182,       366,       386,       258,       93,        210,       97,        30
161,      292,       181,       181,       365,       383,       257,       93,        211,       95,        -25
159,      291,       181,       180,       363,       383,       257,       92,        210,       95,        -65
161,      292,       180,       180,       365,       383,       254,       93,        210,       95,        -55
159,      293,       180,       180,       365,       384,       255,       93,        212,       96,        -35
161,      292,       181,       180,       364,       382,       256,       93,        211,       95,        -45
161,      291,       181,       181,       363,       382,       254,       92,        210,       95,        -70
160,      291,       181,       182,       363,       381,       255,       93,        209,       95,        -70
161,      292,       181,       181,       364,       382,       256,       93,        211,       95,        -40
161,      292,       182,       182,       363,       382,       255,       94,        211,       96,        -30
162,      293,       182,       182,       365,       383,       255,       94,        211,       96,        -5
163,      296,       183,       182,       366,       385,       257,       95,        214,       98,        75
161,      293,       183,       182,       363,       382,       258,       94,        211,       97,        0
161,      293,       181,       180,       364,       381,       255,       93,        212,       97,        -35
161,      294,       184,       181,       363,       384,       257,       94,        212,       98,        20
160,      294,       183,       181,       362,       383,       257,       93,        212,       98,        -5
161,      292,       183,       183,       362,       381,       257,       94,        210,       97,        -20
162,      293,       184,       183,       363,       381,       257,       95,        212,       98,        20
163,      295,       183,       183,       365,       383,       258,       95,        214,       98,        65
157,      288,       179,       178,       358,       377,       252,       90,        207,       93,        -225
156,      288,       180,       178,       358,       377,       252,       90,        207,       95,        -215
158,      288,       178,       179,       358,       375,       252,       91,        208,       92,        -225
158,      288,       178,       177,       358,       376,       251,       90,        207,       93,        -240
156,      288,       178,       177,       358,       376,       251,       89,        207,       93,        -255
158,      288,       179,       179,       358,       377,       254,       91,        207,       93,        -200
158,      287,       178,       179,       357,       376,       252,       90,        208,       92,        -235
156,      288,       179,       177,       357,       377,       250,       89,        207,       93,        -255
157,      287,       179,       178,       357,       375,       251,       90,        206,       93,        -255
158,      288,       180,       179,       357,       377,       254,       90,        209,       95,        -185
159,      290,       180,       179,       358,       377,       253,       91,        209,       96,        -160
158,      289,       180,       178,       359,       376,       252,       91,        209,       94,        -190
158,      289,       179,       178,       358,       377,       251,       90,        208,       94,        -210
159,      289,       179,       178,       358,       377,       252,       90,        209,       93,        -200
158,      290,       179,       179,       358,       378,       251,       91,        208,       94,        -190
158,      289,       180,       179,       358,       379,       253,       90,        209,       95,        -170
159,      289,       180,       178,       359,       378,       254,       91,        210,       95,        -155
159,      290,       180,       179,       360,       377,       252,       91,        209,       94,        -165
159,      290,       180,       179,       359,       378,       252,       91,        210,       95,        -155
160,      291,       180,       179,       360,       379,       253,       92,        212,       94,        -120
159,      291,       181,       180,       360,       379,       254,       92,        212,       95,        -105
158,      290,       180,       179,       359,       379,       252,       92,        209,       95,        -155
160,      289,       181,       181,       359,       378,       255,       92,        210,       94,        -125
160,      290,       181,       180,       360,       380,       255,       92,        212,       95,        -95
160,      292,       181,       181,       360,       380,       255,       93,        211,       95,        -80
160,      291,       181,       181,       360,       381,       255,       92,        209,       95,        -95
159,      291,       181,       181,       361,       382,       254,       92,        211,       95,        -85
159,      292,       181,       180,       362,       383,       254,       92,        212,       96,        -65
159,      291,       181,       180,       362,       381,       255,       92,        212,       94,        -85
161,      291,       179,       180,       362,       382,       254,       92,        211,       94,        -90
159,      292,       181,       180,       363,       384,       254,       91,        211,       96,        -65
159,      292,       181,       180,       362,       384,       254,       91,        211,       95,        -75
160,      292,       180,       179,       363,       383,       255,       90,        213,       94,        -75
161,      292,       179,       180,       363,       382,       254,       91,        212,       93,        -85
157,      290,       179,       178,       361,       380,       252,       89,        210,       93,        -175
159,      289,       178,       179,       362,       379,       252,       91,        209,       92,        -170
158,      290,       180,       178,       360,       381,       254,       89,        210,       94,        -150
157,      289,       179,       179,       360,       378,       253,       90,        209,       93,        -185
157,      289,       180,       179,       361,       380,       254,       89,        209,       94,        -160
159,      290,       180,       179,       361,       382,       255,       90,        210,       95,        -115
158,      290,       180,       179,       361,       382,       254,       90,        211,       95,        -120
159,      291,       181,       180,       362,       381,       254,       91,        210,       95,        -100
160,      291,       181,       180,       363,       383,       256,       91,        213,       95,        -55
159,      293,       182,       179,       362,       384,       256,       90,        212,       96,        -55
160,      290,       179,       179,       362,       382,       253,       91,        210,       93,        -125
159,      291,       180,       180,       362,       382,       253,       90,        210,       93,        -120
160,      291,       180,       180,       363,       384,       256,       91,        212,       93,        -70
160,      292,       180,       180,       363,       383,       255,       91,        211,       93,        -80
159,      292,       180,       179,       364,       384,       253,       90,        211,       94,        -90
160,      292,       180,       179,       363,       384,       254,       89,        212,       95,        -80
159,      292,       179,       179,       365,       385,       255,       90,        213,       94,        -65
160,      292,       181,       180,       364,       383,       254,       91,        212,       93,        -70
160,      293,       181,       180,       365,       386,       254,       90,        213,       94,        -40
160,      292,       181,       179,       364,       385,       255,       90,        213,       95,        -50
160,      291,       180,       180,       364,       383,       254,       90,        212,       93,        -85
160,      291,       180,       180,       364,       383,       254,       90,        211,       93,        -90
160,      293,       180,       179,       364,       385,       255,       90,        213,       94,        -55
162,      292,       180,       180,       364,       384,       256,       91,        214,       94,        -35
160,      291,       180,       181,       363,       383,       255,       91,        212,       94,        -70
160,      292,       181,       181,       364,       382,       255,       91,        212,       94,        -60
160,      293,       182,       180,       364,       385,       256,       90,        215,       95,        -20
162,      293,       180,       179,       363,       383,       255,       91,        213,       94,        -55
159,      291,       180,       181,       363,       381,       255,       92,        211,       94,        -85
159,      291,       181,       180,       362,       382,       254,       90,        212,       94,        -95
161,      293,       180,       181,       364,       382,       255,       92,        214,       94,        -40
159,      292,       181,       180,       362,       382,       255,       91,        212,       95,        -75
160,      292,       181,       181,       364,       383,       256,       91,        211,       94,        -55
160,      293,       181,       180,       364,       384,       256,       91,        214,       95,        -30
160,      292,       181,       181,       363,       384,       256,       92,        214,       95,        -30
162,      293,       181,       182,       365,       384,       255,       93,        213,       94,        -10
161,      292,       182,       181,       364,       385,       257,       91,        215,       95,        -5
161,      295,       182,       180,       364,       385,       257,       91,        215,       95,        5
161,      292,       182,       182,       365,       384,       256,       91,        215,       95,        -5
162,      292,       181,       181,       364,       383,       255,       91,        213,       94,        -40
161,      292,       182,       181,       364,       385,       257,       91,        215,       94,        -10
162,      293,       180,       181,       365,       384,       255,       92,        214,       94,        -20
161,      292,       181,       181,       363,       383,       256,       91,        212,       95,        -45
160,      292,       183,       180,       364,       385,       255,       90,        214,       96,        -25
161,      294,       181,       180,       364,       385,       256,       90,        215,       95,        -15
160,      293,       182,       180,       364,       385,       257,       90,        216,       95,        -10
162,      292,       182,       182,       365,       383,       257,       92,        213,       94,        -10
163,      293,       181,       182,       365,       383,       257,       92,        215,       95,        10
162,      294,       181,       181,       365,       385,       257,       91,        215,       96,        15
160,      294,       182,       181,       365,       384,       256,       91,        216,       95,        0
162,      295,       184,       181,       365,       385,       257,       92,        216,       96,        45
161,      294,       182,       181,       365,       386,       257,       91,        214,       96,        15
162,      294,       182,       182,       366,       387,       257,       92,        215,       95,        40
163,      295,       182,       182,       367,       387,       258,       92,        217,       95,        70
162,      295,       183,       182,       365,       387,       258,       92,        217,       96,        65
162,      295,       182,       182,       368,       386,       256,       92,        216,       95,        50
164,      294,       182,       182,       367,       387,       257,       91,        216,       95,        55
163,      296,       183,       181,       367,       390,       257,       91,        218,       95,        85
163,      296,       182,       182,       369,       389,       257,       91,        218,       96,        95
165,      296,       183,       184,       369,       390,       259,       92,        217,       96,        135
167,      299,       185,       185,       372,       392,       261,       95,        220,       97,        245
166,      300,       186,       185,       372,       394,       261,       95,        219,       99,        265
166,      300,       185,       185,       372,       392,       261,       95,        219,       98,        245
167,      302,       186,       184,       373,       394,       261,       94,        221,       99,        285
167,      300,       184,       184,       373,       394,       262,       95,        221,       96,        260
167,      301,       186,       185,       374,       395,       262,       95,        221,       99,        305
167,      301,       186,       186,       375,       394,       262,       96,        222,       99,        320
169,      303,       187,       186,       375,       396,       265,       96,        223,       100,       380
169,      304,       188,       187,       377,       397,       265,       96,        225,       101,       425
170,      305,       188,       188,       377,       398,       265,       97,        224,       101,       445
172,      307,       190,       189,       380,       401,       267,       98,        227,       102,       545
169,      304,       187,       186,       376,       399,       264,       95,        225,       100,       405
168,      303,       187,       187,       377,       397,       264,       96,        223,       100,       390
169,      304,       187,       186,       378,       399,       264,       95,        224,       100,       410
169,      303,       186,       186,       377,       399,       265,       95,        224,       99,        395
170,      303,       186,       187,       377,       397,       263,       95,        221,       99,        370
168,      304,       187,       186,       377,       398,       264,       95,        222,       100,       385
169,      304,       187,       186,       378,       399,       265,       95,        225,       100,       420
167,      302,       185,       186,       376,       398,       264,       94,        224,       99,        355
167,      302,       186,       186,       377,       396,       264,       96,        222,       99,        355
166,      303,       188,       186,       376,       397,       264,       94,        223,       99,        360
168,      303,       187,       185,       377,       397,       265,       95,        224,       98,        375
168,      301,       187,       186,       376,       396,       265,       94,        223,       99,        355
168,      302,       186,       185,       377,       397,       263,       94,        223,       99,        350
169,      304,       188,       186,       378,       400,       265,       94,        225,       99,        420
167,      302,       186,       186,       375,       397,       264,       93,        225,       99,        350
166,      302,       186,       185,       376,       398,       263,       93,        222,       98,        325
168,      304,       186,       185,       377,       398,       264,       93,        224,       99,        370
168,      302,       186,       185,       377,       398,       265,       93,        225,       98,        365
166,      302,       186,       185,       377,       396,       263,       94,        223,       98,        330
168,      301,       186,       186,       377,       395,       263,       95,        222,       98,        335
167,      301,       185,       185,       375,       396,       265,       93,        223,       97,        315
166,      302,       186,       185,       375,       396,       264,       93,        223,       99,        325
166,      301,       185,       185,       376,       394,       263,       94,        223,       97,        300
168,      301,       185,       185,       375,       394,       263,       94,        223,       98,        310
167,      301,       185,       185,       374,       394,       264,       94,        222,       98,        300
166,      299,       185,       186,       373,       392,       263,       94,        222,       97,        265
166,      302,       186,       185,       373,       392,       262,       94,        222,       98,        280
165,      301,       186,       184,       373,       393,       263,       93,        223,       99,        280
166,      299,       186,       185,       372,       391,       262,       94,        222,       98,        255
165,      299,       186,       186,       372,       391,       263,       94,        221,       98,        255
166,      300,       186,       185,       372,       393,       264,       93,        223,       98,        280
166,      300,       186,       185,       373,       394,       264,       94,        222,       98,        290
166,      298,       186,       186,       371,       391,       263,       94,        221,       98,        250
165,      300,       186,       185,       372,       392,       262,       94,        224,       98,        270
167,      300,       185,       185,       372,       392,       263,       94,        222,       98,        270
166,      300,       186,       185,       371,       391,       263,       93,        223,       98,        260
164,      299,       187,       185,       370,       391,       262,       93,        220,       99,        230
166,      300,       186,       185,       371,       389,       262,       93,        221,       98,        235
166,      300,       186,       185,       371,       390,       262,       93,        223,       98,        250
166,      299,       186,       185,       370,       391,       264,       93,        223,       99,        260
165,      298,       186,       185,       370,       389,       262,       94,        221,       97,        215
165,      298,       186,       186,       369,       388,       262,       94,        220,       97,        205
166,      299,       187,       186,       370,       390,       263,       94,        222,       99,        260
166,      300,       186,       186,       371,       389,       263,       96,        222,       98,        265
167,      299,       186,       187,       369,       388,       264,       95,        223,       99,        265
165,      300,       187,       186,       370,       389,       262,       94,        221,       99,        245
167,      300,       186,       186,       371,       389,       261,       95,        222,       99,        260
166,      301,       188,       186,       371,       392,       264,       94,        224,       99,        305
166,      300,       186,       187,       371,       390,       263,       95,        223,       99,        280
166,      300,       187,       185,       371,       390,       262,       95,        221,       98,        255
167,      299,       186,       186,       371,       391,       263,       94,        221,       98,        260
166,      299,       186,       186,       370,       391,       264,       95,        223,       98,        270
167,      299,       186,       187,       370,       391,       263,       95,        221,       98,        265
167,      300,       186,       186,       371,       393,       264,       95,        223,       99,        300
167,      301,       187,       185,       372,       394,       264,       94,        224,       99,        315
166,      301,       188,       186,       371,       394,       264,       94,        222,       99,        305
166,      301,       188,       186,       372,       394,       263,       94,        223,       100,       315
166,      301,       187,       185,       371,       394,       264,       93,        223,       98,        290
166,      300,       186,       185,       372,       394,       263,       93,        223,       98,        280
166,      299,       186,       185,       372,       392,       264,       94,        221,       98,        265
164,      298,       184,       183,       370,       391,       262,       91,        220,       97,        180
164,      296,       184,       183,       369,       390,       261,       91,        221,       95,        150
163,      297,       185,       184,       370,       390,       261,       91,        220,       96,        165
164,      297,       185,       184,       370,       389,       263,       93,        222,       96,        195
164,      298,       186,       183,       369,       390,       262,       92,        221,       97,        190
164,      298,       184,       184,       369,       390,       260,       92,        221,       96,        170
163,      298,       184,       183,       368,       389,       261,       92,        220,       97,        155
166,      299,       185,       185,       370,       390,       264,       93,        223,       98,        245
166,      299,       185,       185,       369,       389,       262,       93,        222,       97,        215
164,      297,       185,       185,       369,       388,       262,       94,        220,       96,        180
165,      298,       186,       186,       368,       388,       264,       94,        221,       97,        215
165,      298,       187,       186,       368,       389,       264,       93,        223,       98,        235
166,      300,       187,       186,       369,       388,       262,       95,        222,       98,        245
168,      299,       187,       187,       369,       388,       264,       94,        224,       98,        270
166,      299,       188,       186,       368,       389,       264,       94,        223,       99,        260
166,      299,       187,       186,       368,       387,       262,       94,        223,       97,        225
165,      298,       188,       187,       368,       386,       263,       94,        221,       99,        225
166,      300,       187,       185,       368,       388,       263,       94,        224,       98,        245
165,      299,       187,       185,       367,       387,       262,       93,        223,       98,        210
164,      298,       187,       186,       367,       385,       261,       94,        221,       98,        185
165,      299,       186,       185,       367,       387,       261,       93,        222,       98,        195
165,      297,       185,       185,       366,       385,       262,       94,        221,       97,        165
164,      298,       186,       186,       366,       385,       262,       93,        220,       99,        175
164,      298,       187,       185,       366,       386,       262,       93,        221,       99,        185
165,      297,       187,       186,       365,       385,       263,       94,        222,       98,        190
163,      296,       186,       185,       365,       384,       261,       93,        220,       98,        135
164,      297,       188,       186,       365,       384,       261,       93,        221,       98,        165
165,      297,       186,       186,       365,       384,       263,       94,        221,       97,        170
165,      297,       186,       186,       365,       383,       262,       95,        223,       97,        175
163,      297,       188,       185,       364,       383,       261,       93,        221,       98,        145
165,      297,       187,       187,       364,       383,       262,       94,        221,       98,        170
164,      298,       186,       185,       365,       384,       261,       94,        221,       98,        160
164,      296,       186,       186,       364,       383,       261,       95,        220,       97,        140
165,      297,       186,       186,       365,       385,       260,       95,        221,       98,        170
167,      299,       187,       187,       366,       386,       262,       95,        223,       98,        230
165,      298,       187,       186,       365,       386,       263,       95,        221,       100,       210
165,      297,       189,       187,       365,       385,       263,       94,        221,       100,       210
166,      299,       188,       186,       366,       387,       263,       95,        222,       99,        235
167,      300,       188,       188,       367,       386,       263,       96,        225,       99,        275
165,      299,       189,       187,       365,       386,       263,       95,        223,       99,        235
166,      301,       190,       188,       367,       387,       264,       96,        224,       101,       300
166,      300,       190,       188,       367,       386,       263,       95,        222,       100,       265
168,      301,       188,       188,       368,       386,       264,       97,        224,       100,       300
168,      302,       190,       190,       371,       388,       266,       97,        225,       100,       365
170,      303,       191,       190,       371,       390,       266,       98,        228,       102,       425
168,      301,       189,       189,       369,       389,       264,       97,        224,       100,       330
168,      302,       189,       189,       369,       390,       266,       95,        226,       101,       355
169,      303,       190,       188,       370,       392,       266,       96,        227,       101,       390
168,      302,       191,       190,       370,       391,       267,       98,        225,       101,       395
172,      305,       191,       192,       374,       393,       267,       99,        227,       102,       490
171,      307,       194,       192,       375,       397,       270,       99,        231,       104,       580
170,      303,       189,       189,       372,       392,       266,       97,        227,       101,       410
169,      304,       192,       190,       373,       392,       267,       98,        226,       103,       450
170,      305,       192,       190,       374,       395,       269,       97,        227,       103,       490
171,      305,       191,       190,       374,       393,       268,       98,        229,       102,       485
168,      300,       188,       190,       370,       389,       267,       96,        224,       100,       340
167,      300,       188,       188,       371,       389,       265,       96,        226,       99,        325
169,      302,       189,       188,       371,       391,       266,       95,        227,       100,       370
168,      303,       189,       189,       371,       390,       265,       96,        226,       100,       365
168,      305,       192,       190,       373,       392,       266,       97,        227,       102,       440
168,      303,       189,       188,       370,       392,       267,       95,        226,       101,       375
167,      301,       188,       187,       371,       392,       265,       95,        226,       99,        335
172,      307,       194,       193,       375,       396,       270,       99,        229,       104,       575
172,      308,       192,       192,       375,       397,       270,       99,        229,       103,       565
172,      308,       194,       193,       377,       399,       272,       99,        231,       104,       625
173,      310,       194,       193,       378,       400,       271,       100,       232,       104,       655
174,      309,       193,       194,       380,       399,       271,       101,       232,       104,       665
172,      307,       192,       191,       377,       398,       270,       97,        231,       102,       565
174,      308,       193,       193,       379,       399,       272,       100,       232,       104,       650
172,      307,       193,       192,       378,       398,       270,       98,        230,       103,       585
176,      311,       195,       195,       381,       400,       273,       102,       234,       105,       740
174,      311,       194,       195,       380,       400,       273,       101,       233,       104,       705
174,      309,       193,       194,       379,       397,       271,       101,       232,       104,       650
174,      311,       195,       194,       380,       400,       273,       101,       232,       105,       705
170,      306,       192,       190,       376,       397,       270,       96,        231,       103,       535
172,      308,       192,       192,       377,       398,       271,       99,        232,       103,       600
171,      306,       192,       191,       377,       396,       269,       97,        230,       102,       535
171,      306,       192,       192,       376,       396,       270,       98,        228,       102,       535
171,      305,       191,       191,       376,       396,       270,       98,        230,       101,       525
170,      305,       191,       190,       375,       395,       270,       98,        229,       102,       505
171,      305,       190,       191,       375,       394,       268,       98,        230,       101,       495
168,      303,       190,       188,       373,       394,       267,       94,        229,       100,       410
167,      301,       190,       188,       371,       392,       267,       94,        227,       98,        355
167,      303,       190,       188,       372,       393,       267,       94,        226,       101,       385
168,      301,       189,       188,       371,       392,       267,       94,        227,       99,        360
167,      301,       188,       188,       370,       391,       267,       94,        227,       98,        335
169,      304,       191,       189,       373,       393,       267,       96,        229,       101,       440
169,      304,       190,       189,       374,       392,       266,       95,        228,       101,       420
168,      302,       190,       189,       371,       391,       268,       95,        228,       100,       390
168,      301,       189,       188,       371,       390,       266,       95,        227,       98,        345
163,      297,       186,       186,       367,       387,       263,       92,        222,       96,        175
165,      298,       187,       186,       368,       388,       265,       92,        223,       96,        220
167,      299,       186,       187,       369,       390,       265,       94,        226,       97,        280
165,      299,       187,       186,       368,       391,       264,       92,        225,       98,        255
165,      299,       187,       187,       369,       389,       265,       92,        225,       97,        255
166,      302,       189,       186,       370,       393,       265,       93,        228,       99,        335
168,      302,       187,       186,       371,       393,       266,       93,        227,       98,        335
168,      302,       189,       188,       371,       394,       266,       94,        226,       99,        365
167,      301,       188,       188,       371,       390,       265,       95,        224,       98,        315
167,      300,       189,       187,       371,       392,       266,       93,        225,       99,        325
169,      303,       188,       188,       373,       393,       266,       94,        227,       98,        375
167,      302,       189,       188,       372,       393,       268,       93,        227,       99,        370
169,      302,       189,       189,       372,       392,       268,       95,        229,       100,       405
168,      301,       188,       187,       371,       392,       265,       93,        227,       99,        335
166,      301,       189,       187,       371,       391,       266,       93,        226,       99,        325
167,      301,       186,       187,       371,       391,       265,       92,        227,       97,        300
167,      301,       189,       187,       371,       393,       266,       93,        228,       99,        350
165,      299,       188,       187,       370,       391,       265,       92,        226,       98,        285
168,      301,       188,       188,       372,       393,       265,       94,        226,       98,        345
168,      302,       187,       187,       373,       393,       266,       94,        229,       98,        365
169,      303,       188,       189,       374,       394,       267,       95,        229,       98,        410
168,      302,       189,       189,       373,       394,       267,       94,        227,       99,        390
167,      302,       188,       187,       373,       395,       266,       93,        227,       98,        360
169,      302,       188,       187,       373,       394,       266,       93,        229,       98,        375
167,      302,       189,       187,       373,       396,       266,       93,        227,       98,        370
166,      302,       188,       187,       373,       395,       267,       93,        228,       99,        370
168,      303,       189,       187,       374,       396,       267,       93,        229,       99,        405
168,      303,       188,       187,       374,       395,       266,       93,        229,       98,        385
168,      303,       189,       189,       374,       395,       267,       93,        227,       99,        400
169,      303,       189,       188,       374,       396,       268,       94,        230,       98,        425
168,      304,       189,       187,       374,       396,       268,       93,        229,       99,        415
168,      303,       190,       188,       375,       397,       267,       93,        229,       99,        425
168,      304,       190,       188,       376,       398,       268,       94,        228,       99,        445
170,      306,       190,       188,       377,       401,       269,       94,        231,       99,        505
170,      305,       190,       189,       377,       401,       269,       94,        231,       99,        505
171,      306,       190,       190,       378,       399,       269,       94,        230,       101,       520
169,      305,       189,       188,       377,       400,       269,       92,        230,       99,        470
169,      305,       189,       189,       378,       400,       269,       95,        231,       99,        500
169,      304,       189,       189,       378,       399,       268,       94,        230,       98,        470
170,      306,       189,       188,       378,       400,       268,       94,        232,       99,        500
170,      304,       188,       188,       378,       399,       269,       93,        230,       99,        470
168,      304,       189,       188,       377,       401,       268,       92,        230,       99,        460
169,      305,       188,       189,       377,       399,       267,       93,        230,       98,        455
170,      305,       189,       187,       378,       400,       269,       92,        232,       98,        480
171,      305,       188,       190,       378,       399,       269,       94,        232,       99,        505
170,      304,       188,       188,       378,       398,       268,       95,        230,       98,        465
169,      306,       189,       189,       378,       399,       268,       93,        231,       100,       490
170,      306,       189,       188,       378,       400,       269,       93,        233,       99,        505
170,      306,       190,       189,       377,       399,       270,       93,        231,       99,        500
169,      306,       189,       189,       379,       399,       268,       94,        231,       99,        495
171,      307,       190,       188,       378,       400,       269,       93,        232,       99,        515
167,      305,       188,       187,       376,       400,       267,       92,        229,       98,        425
167,      303,       187,       186,       375,       398,       266,       91,        228,       97,        370
168,      303,       187,       186,       377,       400,       266,       91,        228,       97,        395
168,      304,       188,       186,       377,       401,       267,       91,        230,       96,        420
168,      304,       188,       186,       377,       401,       267,       92,        229,       97,        425
168,      304,       188,       187,       378,       401,       267,       91,        229,       98,        435
169,      305,       189,       187,       379,       404,       268,       92,        231,       98,        490
171,      306,       188,       189,       379,       402,       270,       92,        232,       98,        515
170,      307,       190,       189,       380,       403,       269,       92,        232,       99,        535
170,      307,       191,       189,       380,       402,       270,       94,        232,       99,        550
172,      308,       191,       189,       381,       406,       270,       93,        236,       99,        605
172,      308,       190,       189,       382,       404,       269,       94,        235,       100,       595
172,      309,       191,       189,       382,       404,       269,       94,        233,       100,       595
172,      309,       190,       189,       382,       404,       270,       94,        235,       101,       610
172,      307,       191,       190,       381,       402,       271,       94,        234,       101,       595
171,      308,       191,       189,       381,       404,       270,       94,        235,       100,       595
171,      308,       191,       189,       381,       403,       270,       94,        234,       99,        580
170,      308,       191,       189,       381,       403,       270,       93,        235,       100,       580
171,      307,       192,       190,       380,       402,       271,       94,        232,       101,       580
170,      307,       191,       190,       381,       402,       270,       94,        233,       100,       570
170,      306,       191,       190,       379,       401,       270,       94,        234,       99,        550
170,      306,       190,       189,       379,       401,       269,       92,        234,       99,        525
