0,        1,         2,         3,         4,         5,         6,         7,         8,         9,         "T"
368,10,-47,114,
212,      228,       212,       209,       245,       424,       225,       216,       286,       215,       0
212,      227,       212,       209,       243,       424,       224,       216,       286,       221,       0
212,      228,       212,       209,       244,       423,       225,       216,       286,       218,       0
213,      227,       212,       209,       244,       424,       224,       216,       286,       223,       0
212,      227,       212,       209,       244,       423,       225,       217,       286,       218,       0
211,      227,       212,       209,       245,       423,       224,       216,       285,       217,       0
211,      227,       212,       209,       244,       424,       225,       216,       285,       224,       0
212,      228,       211,       209,       244,       423,       224,       216,       285,       217,       0
212,      227,       212,       209,       244,       424,       224,       216,       286,       216,       0
212,      229,       212,       209,       243,       423,       224,       215,       285,       228,       0
213,      227,       212,       209,       243,       423,       224,       215,       286,       222,       0
213,      227,       212,       209,       243,       423,       225,       216,       287,       220,       0
212,      228,       211,       209,       245,       422,       224,       216,       286,       217,       0
212,      227,       212,       209,       243,       423,       223,       215,       285,       222,       0
212,      228,       211,       209,       243,       424,       224,       216,       286,       231,       0
212,      228,       212,       209,       245,       423,       225,       217,       285,       224,       0
212,      227,       212,       209,       244,       423,       224,       217,       286,       223,       0
212,      227,       212,       209,       244,       423,       224,       216,       285,       222,       0
213,      227,       212,       209,       243,       423,       224,       216,       285,       234,       0
213,      228,       212,       209,       244,       423,       225,       216,       286,       229,       0
212,      227,       212,       209,       243,       423,       224,       216,       286,       220,       0
213,      227,       212,       209,       244,       423,       223,       216,       285,       226,       0
212,      227,       212,       209,       243,       424,       224,       216,       285,       238,       0
212,      228,       212,       209,       245,       423,       224,       216,       285,       225,       0
212,      228,       211,       209,       244,       423,       224,       216,       286,       217,       0
211,      228,       211,       209,       243,       423,       224,       217,       285,       217,       0
212,      228,       212,       209,       243,       423,       225,       216,       286,       227,       0
212,      228,       211,       209,       244,       423,       224,       216,       285,       226,       0
213,      227,       211,       209,       243,       422,       224,       215,       286,       224,       0
212,      228,       212,       209,       243,       424,       225,       216,       285,       226,       0
213,      227,       212,       209,       243,       423,       225,       216,       286,       218,       0
212,      227,       212,       209,       244,       423,       224,       216,       285,       225,       0
213,      228,       212,       209,       245,       424,       225,       217,       286,       221,       0
212,      228,       212,       209,       243,       424,       223,       217,       286,       222,       -10
213,      227,       212,       209,       245,       423,       224,       217,       285,       223,       -.157
212,      228,       212,       209,       244,       424,       224,       216,       285,       228,       20.156
212,      227,       211,       209,       243,       423,       224,       215,       286,       222,       -29.766
212,      227,       212,       209,       243,       424,       224,       216,       285,       224,       -9.806
211,      228,       212,       209,       245,       424,       225,       217,       286,       223,       10.234
212,      228,       212,       209,       243,       424,       223,       216,       285,       223,       -15.275
213,      228,       212,       209,       244,       424,       225,       216,       285,       224,       10.272
212,      227,       212,       209,       244,       424,       224,       216,       285,       225,       .078
212,      228,       212,       209,       244,       424,       225,       216,       286,       225,       14.764
213,      228,       211,       209,       244,       423,       224,       216,       285,       227,       10.156
212,      227,       212,       209,       245,       424,       225,       216,       286,       217,       -24.923
212,      227,       211,       209,       244,       424,       225,       216,       285,       223,       -9.922
212,      227,       212,       209,       244,       425,       225,       216,       286,       216,       -29.962
212,      227,       212,       209,       245,       425,       224,       217,       286,       226,       25.077
212,      228,       212,       209,       245,       424,       225,       216,       286,       218,       -14.844
212,      228,       212,       209,       244,       424,       224,       216,       285,       222,       -10
212,      227,       211,       209,       244,       425,       224,       216,       286,       232,       40.039
212,      227,       212,       209,       245,       424,       224,       216,       286,       220,       -15.157
212,      228,       212,       209,       245,       425,       224,       216,       286,       228,       35
212,      228,       212,       209,       245,       425,       225,       216,       287,       216,       -14.571
212,      227,       212,       209,       245,       426,       225,       216,       287,       216,       -14.806
212,      227,       211,       209,       244,       425,       224,       216,       286,       226,       10.234
212,      227,       212,       209,       245,       425,       224,       216,       286,       220,       -10.157
212,      227,       212,       209,       244,       425,       223,       216,       285,       226,       5.35
212,      227,       211,       209,       245,       425,       225,       216,       286,       223,       5.156
212,      228,       212,       209,       245,       426,       225,       217,       286,       216,       -9.728
212,      228,       211,       209,       244,       425,       224,       216,       285,       223,       -4.883
212,      227,       212,       209,       245,       425,       224,       216,       286,       222,       -.08
212,      227,       211,       209,       244,       425,       224,       216,       285,       222,       -14.922
213,      227,       212,       209,       245,       425,       225,       217,       287,       218,       0
213,      227,       212,       209,       245,       425,       224,       216,       286,       216,       -24.65
212,      228,       212,       209,       245,       426,       225,       217,       286,       216,       -9.962
212,      227,       212,       209,       244,       425,       223,       216,       286,       225,       5.156
212,      227,       212,       209,       245,       425,       225,       216,       287,       225,       25
212,      227,       212,       209,       245,       426,       225,       217,       287,       216,       -9.806
212,      227,       212,       209,       245,       425,       224,       216,       286,       224,       10.35
212,      228,       212,       209,       244,       425,       224,       216,       287,       217,       -19.806
212,      227,       212,       209,       245,       425,       224,       216,       286,       222,       -.157
213,      227,       212,       209,       245,       426,       225,       217,       286,       224,       30.077
212,      227,       212,       209,       244,       425,       224,       216,       286,       222,       -4.766
212,      227,       213,       209,       244,       426,       224,       216,       286,       223,       9.92
212,      228,       212,       209,       244,       426,       224,       216,       286,       226,       25.117
212,      227,       212,       209,       244,       425,       225,       216,       286,       223,       5.35
213,      227,       212,       209,       244,       426,       224,       216,       286,       229,       40.155
212,      227,       212,       209,       244,       426,       224,       217,       286,       220,       -4.922
212,      227,       212,       209,       245,       426,       225,       216,       286,       223,       15.234
212,      227,       212,       209,       244,       426,       226,       216,       287,       217,       -10.157
212,      228,       212,       209,       245,       427,       225,       217,       286,       221,       20.272
212,      227,       212,       209,       244,       426,       225,       216,       286,       222,       5.194
212,      228,       212,       209,       245,       426,       225,       216,       286,       222,       15.312
213,      228,       212,       209,       244,       427,       224,       216,       286,       228,       45.039
213,      227,       212,       209,       245,       427,       225,       216,       287,       219,       10.194
213,      228,       212,       209,       244,       426,       224,       216,       287,       229,       50.312
213,      227,       213,       209,       245,       428,       226,       217,       287,       217,       20.389
212,      228,       213,       209,       245,       427,       225,       216,       286,       225,       39.804
212,      228,       213,       209,       245,       427,       225,       216,       286,       242,       124.92
212,      228,       212,       209,       245,       427,       225,       216,       287,       222,       25.117
212,      227,       212,       209,       246,       427,       226,       216,       288,       216,       5.35
213,      227,       212,       209,       244,       427,       225,       216,       286,       222,       15.077
213,      227,       213,       209,       245,       428,       226,       217,       287,       229,       80.078
212,      228,       213,       209,       246,       427,       226,       217,       287,       224,       55.155
212,      227,       212,       209,       245,       428,       225,       217,       286,       223,       30.234
213,      228,       213,       209,       244,       427,       225,       217,       286,       223,       34.92
212,      228,       212,       209,       246,       428,       226,       217,       287,       216,       15.117
213,      228,       213,       209,       245,       427,       225,       217,       287,       223,       44.959
213,      228,       213,       209,       244,       427,       225,       216,       287,       224,       40.312
213,      228,       213,       209,       245,       427,       225,       217,       286,       222,       34.959
212,      227,       213,       209,       246,       428,       226,       217,       287,       216,       15.117
212,      228,       213,       209,       245,       428,       226,       216,       287,       224,       50.389
213,      228,       213,       209,       246,       428,       227,       217,       287,       222,       60.194
212,      228,       213,       209,       245,       427,       225,       217,       287,       241,       130.272
212,      228,       212,       209,       244,       428,       225,       216,       286,       225,       34.959
213,      228,       213,       209,       246,       428,       226,       217,       286,       224,       60.077
213,      228,       213,       209,       245,       427,       226,       218,       288,       217,       29.882
213,      228,       213,       209,       245,       427,       225,       216,       287,       233,       89.959
212,      228,       213,       209,       244,       428,       225,       216,       287,       227,       54.959
213,      228,       214,       209,       244,       427,       225,       216,       287,       226,       55.389
212,      228,       213,       209,       244,       427,       225,       217,       287,       235,       95.311
212,      228,       213,       209,       245,       427,       224,       217,       286,       234,       85.272
213,      228,       213,       209,       246,       427,       226,       217,       287,       219,       35.039
212,      228,       213,       209,       245,       428,       226,       217,       287,       218,       25
213,      228,       213,       209,       245,       428,       226,       217,       288,       218,       35.234
213,      228,       213,       209,       244,       427,       225,       217,       287,       220,       25.039
213,      228,       213,       209,       245,       428,       225,       216,       287,       241,       134.882
213,      229,       213,       210,       245,       428,       225,       217,       288,       217,       35.272
213,      228,       213,       209,       245,       427,       226,       217,       287,       219,       29.92
212,      228,       213,       209,       244,       427,       225,       216,       287,       218,       5.234
213,      228,       213,       210,       244,       426,       225,       216,       287,       227,       55.039
213,      228,       213,       209,       245,       427,       226,       218,       286,       227,       69.843
213,      228,       213,       209,       245,       428,       225,       217,       286,       225,       55.312
213,      228,       213,       209,       245,       427,       226,       216,       287,       224,       50.039
213,      228,       213,       209,       244,       427,       225,       216,       287,       225,       44.843
213,      228,       213,       209,       244,       427,       226,       217,       288,       216,       15.35
213,      228,       214,       209,       244,       427,       224,       217,       287,       231,       80.039
213,      228,       213,       209,       245,       427,       226,       216,       287,       218,       20.077
212,      227,       214,       209,       245,       427,       226,       217,       287,       218,       20.234
213,      227,       213,       209,       244,       427,       225,       216,       287,       226,       45.35
214,      227,       213,       209,       244,       427,       225,       216,       287,       227,       55.117
212,      228,       213,       210,       244,       427,       224,       216,       286,       227,       45.194
213,      228,       213,       209,       245,       427,       225,       216,       286,       225,       45.039
212,      227,       214,       210,       244,       427,       225,       216,       286,       225,       40.194
213,      228,       214,       210,       245,       427,       226,       217,       288,       217,       34.804
213,      228,       213,       209,       244,       427,       225,       216,       286,       242,       124.53
212,      228,       213,       209,       245,       427,       225,       217,       286,       224,       40.194
213,      229,       213,       209,       245,       427,       226,       217,       287,       221,       45.117
213,      228,       213,       210,       244,       428,       226,       217,       287,       215,       15.234
212,      228,       213,       210,       246,       427,       225,       217,       287,       222,       45.039
213,      229,       213,       210,       244,       427,       225,       216,       287,       217,       15.117
213,      228,       213,       210,       245,       426,       225,       216,       287,       222,       35.194
212,      227,       213,       210,       245,       427,       225,       216,       286,       221,       20.312
213,      228,       214,       209,       245,       427,       225,       216,       288,       219,       30.234
213,      229,       213,       210,       246,       427,       225,       216,       287,       226,       70.155
213,      228,       214,       210,       245,       426,       225,       216,       287,       216,       10.312
213,      228,       214,       210,       245,       427,       226,       216,       288,       241,       149.843
212,      228,       214,       210,       245,       427,       226,       216,       287,       222,       44.569
212,      228,       214,       210,       245,       427,       226,       217,       287,       219,       35.077
213,      228,       213,       210,       245,       427,       226,       217,       288,       218,       34.959
213,      228,       214,       210,       245,       426,       225,       217,       286,       224,       50.039
213,      228,       214,       210,       244,       426,       225,       216,       286,       224,       40.35
214,      228,       214,       210,       245,       427,       226,       217,       288,       218,       44.647
213,      228,       213,       210,       244,       426,       225,       216,       287,       222,       30.312
213,      228,       215,       210,       244,       426,       225,       216,       287,       226,       60.077
212,      228,       214,       210,       245,       426,       226,       217,       288,       220,       40.234
213,      228,       214,       210,       245,       426,       226,       217,       287,       223,       54.725
213,      228,       214,       210,       245,       427,       226,       217,       286,       225,       65.155
213,      228,       214,       210,       244,       426,       225,       217,       286,       224,       45.35
213,      228,       214,       210,       244,       426,       225,       216,       287,       223,       40.155
212,      228,       214,       210,       243,       426,       225,       216,       287,       224,       35.117
212,      228,       214,       210,       245,       426,       227,       217,       287,       219,       35.077
213,      227,       214,       210,       244,       425,       225,       216,       286,       237,       95
212,      227,       214,       210,       245,       425,       225,       216,       287,       219,       10.077
211,      228,       213,       210,       243,       426,       224,       217,       286,       227,       35.155
213,      228,       214,       210,       244,       425,       226,       217,       287,       217,       14.959
213,      227,       214,       210,       243,       425,       224,       217,       287,       221,       15.234
212,      228,       214,       210,       245,       425,       224,       217,       286,       231,       70.078
212,      229,       214,       210,       244,       426,       225,       217,       288,       222,       45.039
212,      228,       214,       210,       245,       426,       225,       216,       287,       219,       19.92
212,      228,       214,       210,       244,       425,       226,       217,       288,       225,       55.155
214,      227,       214,       210,       245,       426,       226,       217,       287,       217,       25.117
213,      227,       214,       210,       244,       425,       226,       217,       287,       225,       49.881
213,      228,       214,       210,       244,       425,       225,       216,       286,       224,       34.959
213,      228,       214,       210,       244,       426,       225,       217,       286,       222,       35.117
214,      228,       214,       210,       244,       425,       225,       217,       287,       223,       44.92
212,      228,       214,       210,       245,       426,       225,       217,       287,       216,       10.155
213,      228,       214,       210,       245,       426,       226,       217,       286,       224,       55.117
212,      228,       214,       210,       244,       425,       226,       216,       287,       220,       20.272
212,      228,       214,       210,       245,       425,       225,       217,       288,       217,       15.234
213,      228,       214,       211,       243,       425,       224,       216,       287,       222,       25.194
213,      228,       214,       210,       244,       425,       226,       217,       287,       217,       15.155
212,      228,       214,       210,       245,       426,       225,       216,       286,       223,       35.312
213,      228,       214,       210,       245,       426,       226,       217,       287,       217,       24.92
212,      228,       214,       210,       245,       425,       225,       216,       286,       223,       30.234
213,      228,       214,       210,       245,       425,       226,       217,       287,       221,       40.234
212,      228,       214,       210,       244,       425,       225,       217,       287,       216,       .429
212,      228,       214,       210,       245,       426,       225,       217,       287,       222,       39.92
213,      228,       214,       210,       245,       427,       226,       217,       287,       221,       50.389
212,      228,       214,       210,       245,       426,       225,       217,       287,       216,       10.194
213,      229,       214,       210,       244,       426,       225,       217,       287,       222,       45.312
213,      227,       215,       210,       245,       426,       226,       217,       288,       217,       29.843
213,      228,       214,       210,       244,       426,       225,       216,       287,       224,       44.92
213,      228,       214,       210,       244,       426,       225,       217,       287,       225,       55.272
213,      228,       214,       211,       245,       426,       226,       217,       288,       216,       30.194
213,      228,       214,       210,       245,       427,       226,       217,       287,       216,       24.609
213,      227,       214,       210,       244,       425,       225,       217,       287,       229,       64.843
212,      228,       214,       210,       244,       426,       227,       217,       287,       219,       30.117
212,      229,       215,       210,       245,       425,       226,       217,       287,       216,       20.039
212,      228,       215,       211,       245,       426,       226,       217,       287,       221,       49.92
212,      228,       214,       210,       244,       425,       226,       217,       287,       216,       4.843
213,      228,       215,       210,       244,       425,       225,       217,       287,       223,       45.234
213,      227,       215,       211,       244,       425,       225,       216,       286,       232,       80.272
212,      228,       215,       210,       244,       425,       225,       217,       286,       227,       55.039
213,      228,       215,       210,       243,       425,       225,       216,       286,       219,       10.194
212,      227,       214,       210,       244,       425,       224,       217,       286,       221,       10
213,      228,       214,       210,       245,       425,       225,       217,       288,       217,       20
212,      228,       215,       210,       245,       425,       226,       216,       288,       221,       40.155
212,      228,       215,       211,       245,       425,       225,       216,       287,       221,       35.155
213,      228,       214,       211,       243,       424,       224,       216,       286,       229,       50.234
213,      229,       215,       210,       245,       426,       226,       217,       289,       226,       89.959
213,      229,       215,       211,       244,       425,       226,       216,       287,       225,       65.194
213,      228,       215,       211,       244,       424,       225,       216,       286,       231,       75.078
213,      228,       215,       210,       244,       425,       226,       216,       286,       217,       9.959
214,      227,       215,       210,       243,       426,       226,       217,       287,       218,       25.155
213,      228,       215,       211,       244,       426,       225,       216,       286,       225,       55.234
214,      228,       215,       211,       245,       426,       226,       217,       287,       220,       55.194
213,      228,       214,       211,       244,       426,       225,       217,       287,       221,       39.804
213,      228,       215,       210,       245,       425,       226,       217,       287,       219,       35.389
212,      229,       215,       210,       244,       426,       225,       217,       287,       230,       85.194
213,      228,       215,       211,       243,       425,       224,       216,       286,       226,       44.959
213,      228,       215,       211,       245,       425,       226,       217,       287,       226,       75.272
213,      228,       215,       211,       245,       426,       226,       217,       287,       217,       35.039
212,      228,       215,       211,       244,       425,       225,       216,       286,       216,       .194
213,      228,       215,       211,       244,       425,       224,       216,       286,       231,       74.882
213,      228,       216,       211,       244,       426,       225,       216,       286,       226,       64.804
213,      228,       216,       211,       244,       426,       225,       217,       287,       225,       70.234
213,      228,       215,       211,       244,       426,       226,       216,       286,       233,       100.194
213,      229,       215,       211,       243,       426,       225,       216,       287,       225,       59.959
213,      228,       215,       210,       244,       425,       225,       217,       286,       226,       55.117
213,      228,       215,       211,       244,       426,       225,       216,       287,       242,       144.804
213,      228,       215,       211,       244,       426,       226,       217,       287,       219,       40.155
212,      228,       215,       211,       244,       426,       226,       217,       287,       217,       24.725
212,      228,       215,       211,       244,       425,       225,       217,       287,       226,       59.92
212,      228,       215,       211,       245,       427,       226,       217,       288,       216,       35
212,      229,       215,       211,       244,       426,       225,       216,       287,       224,       55.312
212,      229,       215,       211,       244,       426,       225,       216,       287,       230,       85.389
213,      228,       215,       211,       245,       426,       225,       217,       287,       224,       65.311
213,      228,       216,       211,       245,       426,       225,       217,       287,       220,       50.078
212,      229,       215,       212,       244,       426,       225,       217,       286,       225,       65.234
213,      228,       215,       211,       244,       427,       225,       217,       287,       222,       55.194
212,      228,       216,       211,       244,       426,       225,       216,       287,       225,       59.959
213,      228,       215,       211,       244,       427,       225,       217,       287,       221,       49.804
212,      228,       216,       211,       244,       426,       225,       216,       287,       229,       80
213,      228,       216,       211,       244,       426,       225,       216,       286,       225,       60.234
214,      228,       215,       211,       245,       427,       226,       217,       288,       224,       84.804
212,      228,       216,       211,       244,       425,       225,       216,       287,       231,       84.882
213,      228,       215,       211,       244,       426,       225,       217,       287,       223,       55.155
213,      229,       216,       211,       244,       426,       225,       217,       287,       222,       60.234
212,      228,       216,       211,       245,       426,       226,       217,       288,       222,       64.92
214,      228,       215,       212,       244,       427,       226,       217,       287,       222,       70.155
213,      228,       215,       211,       244,       426,       225,       216,       286,       232,       90.078
212,      228,       215,       211,       244,       426,       225,       216,       286,       226,       55.039
213,      228,       215,       211,       245,       426,       226,       217,       287,       222,       60.311
213,      229,       216,       211,       245,       427,       226,       217,       288,       221,       75.194
212,      229,       216,       211,       245,       426,       226,       217,       287,       222,       65.155
213,      229,       215,       212,       245,       427,       226,       217,       288,       226,       99.764
212,      228,       216,       211,       244,       427,       225,       216,       287,       217,       25.468
213,      228,       215,       211,       244,       426,       224,       216,       287,       225,       55.234
212,      228,       216,       212,       245,       427,       227,       217,       288,       217,       54.843
213,      228,       216,       211,       244,       428,       226,       217,       288,       215,       40.117
213,      228,       216,       212,       244,       427,       226,       217,       286,       229,       100.117
213,      228,       215,       211,       245,       427,       226,       217,       287,       218,       45.234
212,      228,       215,       211,       244,       426,       225,       216,       287,       227,       65.117
214,      229,       215,       212,       244,       427,       225,       217,       288,       221,       70.155
213,      229,       216,       211,       246,       426,       226,       217,       287,       225,       89.843
213,      228,       216,       212,       244,       427,       225,       216,       287,       225,       75.311
212,      228,       216,       211,       246,       427,       226,       217,       288,       216,       44.764
213,      228,       216,       212,       244,       426,       225,       217,       288,       223,       70
213,      228,       216,       212,       245,       427,       226,       217,       287,       223,       80.234
213,      228,       216,       212,       245,       427,       226,       217,       288,       217,       55.078
213,      228,       216,       212,       245,       427,       226,       217,       287,       221,       70.155
213,      229,       216,       212,       245,       427,       226,       217,       288,       224,       95.155
214,      229,       216,       211,       245,       426,       226,       217,       287,       224,       85.117
213,      228,       216,       212,       245,       427,       226,       217,       288,       218,       60.039
213,      228,       216,       212,       244,       427,       225,       217,       288,       225,       85.117
214,      229,       216,       212,       245,       427,       226,       217,       288,       224,       100.234
213,      228,       216,       212,       245,       426,       226,       216,       288,       217,       45.311
212,      229,       216,       212,       245,       427,       227,       217,       288,       219,       69.843
212,      228,       216,       212,       244,       426,       225,       217,       287,       222,       54.882
213,      228,       216,       212,       244,       426,       225,       216,       287,       228,       85.155
214,      228,       216,       212,       245,       426,       227,       217,       288,       217,       60.078
213,      228,       216,       212,       244,       426,       226,       216,       287,       216,       30.039
213,      228,       217,       212,       245,       428,       226,       217,       288,       229,       125.272
212,      229,       216,       212,       244,       426,       225,       217,       287,       224,       69.959
213,      229,       216,       212,       244,       426,       225,       217,       288,       222,       70.155
213,      228,       216,       212,       245,       427,       226,       217,       288,       216,       50.117
212,      229,       216,       212,       244,       426,       225,       217,       287,       219,       45.429
212,      228,       216,       212,       244,       426,       225,       217,       286,       225,       65.078
214,      228,       216,       212,       245,       428,       225,       216,       288,       225,       95.039
213,      227,       217,       212,       244,       426,       225,       217,       287,       224,       69.959
213,      228,       216,       212,       244,       427,       225,       217,       288,       225,       85.272
213,      228,       216,       212,       244,       427,       226,       217,       288,       216,       45.117
213,      229,       216,       211,       245,       427,       227,       217,       288,       218,       65.117
213,      228,       217,       212,       245,       427,       225,       217,       287,       230,       115.078
213,      229,       216,       212,       244,       427,       227,       217,       288,       217,       60.35
213,      228,       217,       212,       245,       426,       225,       217,       287,       223,       75.272
214,      228,       217,       212,       245,       428,       227,       217,       288,       224,       110.117
213,      228,       216,       212,       246,       428,       226,       217,       288,       225,       104.843
213,      228,       216,       212,       244,       427,       226,       216,       288,       224,       80.234
213,      228,       217,       212,       245,       428,       226,       218,       288,       216,       64.959
213,      229,       216,       212,       245,       427,       226,       217,       288,       217,       60.194
213,      228,       216,       212,       245,       427,       225,       217,       287,       226,       89.843
213,      228,       216,       212,       245,       427,       226,       216,       288,       222,       75.234
212,      228,       217,       212,       244,       427,       226,       217,       287,       221,       65.155
213,      228,       217,       212,       244,       429,       226,       216,       287,       220,       70.35
212,      228,       216,       212,       244,       427,       226,       216,       287,       220,       50.039
213,      229,       216,       212,       245,       427,       227,       217,       287,       225,       99.959
213,      228,       216,       212,       245,       427,       226,       216,       288,       216,       45.389
213,      228,       216,       212,       244,       427,       226,       217,       287,       228,       99.92
213,      228,       217,       212,       245,       427,       227,       217,       288,       220,       80.155
213,      229,       216,       212,       244,       427,       226,       216,       287,       229,       105.272
213,      229,       216,       212,       245,       427,       226,       217,       287,       226,       100.117
213,      229,       216,       212,       245,       427,       226,       217,       287,       234,       140.039
213,      229,       217,       212,       245,       427,       226,       218,       287,       226,       110.078
213,      228,       216,       212,       244,       427,       226,       216,       287,       221,       60.078
213,      228,       216,       212,       244,       427,       225,       217,       287,       227,       90.039
213,      228,       216,       212,       245,       427,       226,       216,       288,       217,       50.311
213,      228,       216,       212,       244,       427,       226,       217,       287,       225,       85
214,      228,       217,       212,       245,       427,       225,       217,       288,       231,       130.039
214,      228,       216,       212,       245,       427,       227,       217,       288,       230,       130.234
213,      228,       217,       212,       244,       427,       225,       217,       287,       220,       60.311
213,      229,       216,       213,       245,       427,       226,       217,       288,       219,       74.882
212,      228,       217,       212,       244,       427,       225,       217,       287,       222,       64.92
213,      229,       217,       212,       245,       426,       225,       217,       287,       226,       94.92
213,      228,       217,       212,       245,       428,       227,       217,       288,       217,       70.155
213,      228,       217,       212,       245,       427,       226,       217,       288,       217,       60
212,      229,       217,       212,       244,       427,       225,       217,       287,       227,       95.039
213,      228,       216,       212,       244,       427,       225,       216,       287,       229,       95.194
212,      228,       217,       212,       245,       427,       226,       217,       287,       220,       65.039
213,      228,       216,       212,       244,       426,       225,       217,       287,       225,       75.194
213,      229,       217,       212,       245,       427,       226,       218,       288,       226,       115.194
213,      228,       217,       212,       245,       426,       227,       217,       288,       227,       110.272
212,      229,       217,       212,       245,       426,       225,       217,       287,       226,       90.078
213,      228,       217,       212,       244,       427,       225,       217,       288,       218,       55.117
213,      228,       217,       213,       245,       426,       226,       217,       288,       221,       80.35
213,      229,       217,       212,       244,       426,       225,       216,       287,       243,       170
213,      228,       216,       213,       244,       426,       225,       216,       287,       228,       90.155
213,      228,       217,       213,       244,       426,       225,       217,       287,       221,       65.234
212,      228,       217,       213,       244,       426,       225,       216,       287,       227,       85.117
213,      229,       216,       213,       244,       426,       225,       217,       288,       220,       64.882
213,      229,       217,       213,       245,       426,       226,       217,       287,       229,       120.039
213,      229,       217,       213,       245,       427,       227,       217,       288,       219,       85.234
214,      228,       218,       212,       245,       427,       226,       217,       288,       219,       80.155
212,      229,       217,       213,       245,       428,       226,       217,       288,       224,       105.155
213,      228,       217,       213,       245,       427,       226,       217,       288,       229,       125.35
213,      228,       217,       213,       245,       427,       226,       217,       288,       220,       80.234
213,      228,       217,       213,       245,       427,       226,       217,       288,       218,       69.959
213,      228,       217,       213,       244,       427,       225,       216,       288,       226,       94.843
213,      229,       218,       213,       244,       426,       225,       216,       287,       228,       105.194
212,      228,       218,       213,       245,       428,       225,       216,       287,       227,       105
212,      228,       217,       213,       244,       427,       227,       217,       288,       219,       70.155
213,      228,       217,       213,       245,       428,       227,       217,       288,       219,       85.078
212,      228,       217,       213,       244,       427,       227,       217,       288,       216,       54.882
213,      228,       217,       213,       244,       427,       226,       217,       287,       226,       99.92
213,      229,       217,       213,       245,       428,       226,       217,       288,       226,       120.194
212,      228,       217,       213,       245,       427,       226,       217,       287,       244,       190.117
213,      228,       217,       213,       245,       428,       226,       217,       288,       224,       105.078
214,      229,       217,       213,       245,       428,       227,       217,       288,       222,       110.155
213,      228,       217,       213,       246,       428,       227,       217,       288,       218,       85.194
213,      228,       217,       213,       245,       428,       227,       217,       288,       219,       85.194
213,      228,       218,       213,       245,       429,       227,       217,       289,       216,       85.117
212,      228,       217,       213,       245,       428,       226,       216,       287,       224,       90.273
213,      228,       217,       213,       245,       429,       227,       217,       289,       220,       100.272
214,      229,       218,       213,       246,       429,       227,       218,       288,       219,       115.272
