0,        1,         2,         3,         4,         5,         6,         7,         8,         9,         "T"
375,10,-63,119,
329,      396,       214,       253,       269,       450,       252,       211,       345,       213,       0
328,      395,       214,       253,       267,       450,       251,       211,       345,       212,       0
328,      395,       214,       253,       267,       449,       251,       211,       345,       212,       0
328,      395,       213,       253,       268,       450,       252,       211,       344,       216,       0
329,      396,       214,       253,       268,       450,       251,       211,       345,       211,       0
327,      394,       214,       253,       267,       450,       251,       210,       344,       217,       0
328,      396,       214,       253,       269,       451,       252,       210,       344,       211,       0
328,      395,       214,       254,       267,       450,       251,       211,       346,       212,       0
327,      395,       214,       254,       268,       451,       252,       210,       344,       222,       0
329,      396,       214,       253,       268,       450,       252,       211,       345,       214,       0
328,      395,       215,       253,       267,       451,       251,       211,       345,       216,       0
329,      396,       214,       253,       267,       450,       251,       211,       344,       213,       0
328,      395,       214,       253,       269,       451,       253,       211,       345,       217,       0
328,      396,       214,       254,       268,       450,       251,       211,       344,       215,       0
329,      396,       214,       254,       269,       451,       253,       210,       346,       212,       0
329,      396,       214,       253,       268,       450,       252,       211,       346,       213,       0
328,      396,       214,       254,       268,       451,       253,       211,       346,       212,       0
329,      396,       214,       254,       268,       451,       252,       211,       345,       213,       0
328,      395,       213,       254,       267,       450,       251,       211,       345,       220,       0
328,      396,       214,       254,       268,       450,       252,       211,       344,       214,       0
329,      396,       214,       254,       268,       451,       253,       211,       345,       213,       0
327,      395,       214,       254,       267,       449,       251,       210,       344,       212,       -55
327,      395,       214,       254,       267,       450,       251,       211,       344,       212,       -45
329,      396,       214,       254,       269,       450,       252,       211,       345,       213,       -5
328,      396,       214,       254,       268,       451,       252,       211,       345,       213,       -10
327,      395,       214,       254,       267,       451,       251,       211,       344,       211,       -45
330,      396,       214,       254,       268,       451,       252,       211,       345,       212,       -5
328,      396,       214,       254,       268,       450,       252,       211,       345,       212,       -20
328,      396,       214,       254,       267,       451,       252,       211,       345,       212,       -20
329,      396,       214,       254,       268,       451,       252,       211,       345,       211,       -15
327,      396,       214,       254,       267,       451,       252,       211,       345,       212,       -25
328,      396,       214,       254,       268,       450,       252,       211,       344,       214,       -15
329,      397,       214,       254,       268,       452,       252,       211,       346,       214,       15
328,      396,       214,       255,       268,       450,       251,       211,       345,       211,       -25
328,      397,       214,       254,       268,       451,       251,       211,       344,       212,       -20
329,      397,       214,       254,       269,       451,       253,       211,       346,       212,       10
329,      397,       214,       254,       269,       451,       252,       211,       344,       215,       10
328,      396,       214,       254,       268,       451,       252,       211,       344,       212,       -20
329,      397,       214,       254,       269,       451,       253,       210,       345,       212,       0
329,      397,       214,       255,       268,       451,       253,       211,       346,       213,       15
328,      396,       214,       255,       269,       451,       252,       211,       345,       212,       -5
328,      396,       214,       255,       268,       451,       253,       211,       346,       211,       -5
328,      397,       214,       255,       269,       452,       253,       211,       346,       212,       15
328,      396,       214,       255,       268,       451,       251,       211,       345,       215,       0
330,      397,       214,       255,       269,       452,       252,       211,       345,       211,       10
328,      397,       214,       255,       268,       451,       252,       210,       345,       213,       -5
328,      396,       214,       255,       268,       451,       252,       211,       345,       215,       5
327,      396,       214,       255,       268,       451,       252,       211,       345,       214,       -5
329,      397,       214,       256,       268,       451,       252,       211,       345,       214,       15
329,      397,       214,       255,       269,       452,       253,       211,       346,       212,       20
329,      396,       214,       255,       268,       451,       252,       211,       346,       211,       -5
328,      396,       214,       256,       268,       451,       252,       211,       345,       212,       -5
330,      397,       214,       256,       268,       451,       252,       211,       346,       211,       10
329,      396,       214,       255,       269,       452,       253,       211,       346,       215,       30
329,      397,       214,       256,       268,       451,       251,       210,       345,       214,       5
329,      396,       215,       255,       268,       452,       253,       211,       344,       212,       5
330,      397,       214,       255,       268,       451,       252,       211,       345,       213,       10
328,      397,       214,       256,       269,       451,       252,       211,       345,       215,       20
329,      396,       215,       256,       268,       451,       252,       211,       345,       212,       5
328,      398,       214,       256,       269,       451,       252,       211,       345,       212,       10
330,      398,       214,       256,       269,       452,       253,       211,       347,       216,       60
329,      397,       215,       256,       268,       451,       252,       211,       346,       212,       15
329,      397,       214,       255,       268,       451,       252,       211,       345,       213,       5
328,      397,       214,       256,       269,       452,       252,       210,       346,       212,       10
330,      398,       214,       256,       268,       452,       253,       211,       346,       213,       35
328,      397,       214,       256,       269,       452,       253,       211,       345,       212,       15
329,      397,       215,       256,       268,       451,       252,       211,       345,       212,       10
329,      397,       214,       257,       268,       451,       254,       210,       345,       212,       15
329,      398,       214,       256,       269,       451,       253,       210,       345,       212,       15
329,      396,       214,       256,       268,       451,       253,       210,       345,       212,       0
330,      398,       214,       256,       269,       452,       253,       211,       346,       211,       30
330,      398,       214,       257,       269,       451,       253,       211,       346,       213,       40
328,      397,       214,       256,       268,       450,       252,       211,       345,       215,       10
328,      397,       214,       257,       268,       451,       252,       210,       346,       212,       5
329,      397,       215,       256,       268,       450,       252,       211,       346,       213,       15
329,      397,       214,       256,       268,       451,       253,       211,       345,       212,       10
328,      397,       215,       256,       268,       450,       252,       210,       345,       212,       -5
329,      398,       214,       256,       268,       450,       251,       211,       345,       212,       0
330,      398,       214,       256,       268,       451,       253,       210,       345,       212,       15
328,      397,       215,       257,       268,       450,       253,       211,       345,       212,       10
329,      396,       215,       257,       268,       450,       252,       211,       345,       212,       5
330,      398,       214,       256,       269,       450,       253,       211,       346,       212,       25
329,      398,       214,       257,       269,       450,       253,       211,       345,       211,       15
329,      397,       214,       257,       268,       450,       252,       211,       344,       212,       0
329,      397,       214,       257,       268,       451,       253,       211,       346,       212,       20
330,      398,       214,       257,       268,       450,       252,       211,       345,       213,       20
328,      397,       215,       257,       268,       450,       252,       211,       344,       211,       -5
330,      398,       214,       257,       269,       450,       252,       211,       345,       214,       30
330,      398,       215,       257,       268,       450,       253,       211,       346,       213,       35
330,      397,       214,       258,       269,       451,       253,       211,       346,       211,       30
328,      396,       214,       257,       268,       450,       252,       211,       345,       213,       0
330,      398,       215,       258,       269,       450,       253,       211,       346,       211,       35
330,      397,       214,       257,       268,       451,       253,       211,       345,       214,       30
328,      397,       214,       257,       268,       449,       252,       211,       345,       212,       -5
329,      397,       215,       257,       269,       450,       253,       211,       346,       222,       75
329,      397,       214,       258,       269,       451,       253,       210,       346,       212,       25
329,      397,       215,       257,       267,       450,       253,       211,       345,       212,       10
329,      397,       214,       258,       268,       450,       252,       211,       345,       212,       10
330,      397,       214,       258,       269,       451,       253,       211,       346,       212,       35
329,      397,       214,       258,       268,       450,       252,       211,       345,       211,       5
328,      397,       215,       257,       268,       451,       252,       210,       345,       212,       5
330,      398,       215,       257,       269,       450,       253,       211,       345,       212,       30
328,      397,       215,       258,       268,       451,       253,       210,       345,       215,       30
329,      397,       214,       258,       268,       450,       253,       211,       346,       216,       40
331,      397,       214,       257,       268,       451,       253,       211,       346,       211,       25
330,      397,       215,       258,       269,       450,       253,       211,       345,       212,       30
330,      397,       214,       257,       268,       450,       252,       210,       345,       212,       5
329,      397,       215,       258,       268,       450,       252,       210,       345,       212,       10
330,      398,       214,       258,       268,       450,       252,       211,       345,       212,       20
331,      398,       215,       258,       269,       451,       253,       210,       346,       211,       40
329,      397,       215,       258,       268,       449,       252,       210,       346,       212,       10
329,      397,       215,       258,       268,       450,       252,       211,       345,       214,       25
330,      398,       215,       258,       269,       450,       253,       211,       346,       213,       45
330,      398,       215,       258,       268,       450,       252,       210,       346,       213,       30
330,      398,       215,       258,       268,       451,       253,       211,       345,       212,       35
328,      396,       215,       258,       268,       450,       252,       210,       345,       214,       10
330,      398,       215,       258,       268,       450,       252,       210,       345,       211,       15
330,      398,       215,       258,       267,       450,       253,       211,       345,       213,       30
328,      397,       215,       258,       268,       450,       252,       211,       345,       212,       10
329,      397,       215,       258,       267,       450,       252,       211,       345,       213,       15
329,      397,       215,       258,       268,       450,       253,       211,       345,       213,       25
330,      398,       215,       258,       268,       450,       253,       211,       346,       212,       35
328,      397,       215,       258,       268,       451,       253,       211,       345,       212,       20
329,      397,       216,       258,       268,       450,       252,       211,       345,       213,       25
330,      397,       215,       258,       269,       451,       253,       210,       345,       212,       30
329,      397,       215,       258,       267,       449,       252,       211,       346,       216,       30
328,      396,       215,       258,       267,       450,       252,       211,       345,       211,       -5
330,      397,       215,       258,       268,       450,       253,       210,       345,       211,       15
330,      397,       215,       258,       269,       450,       253,       211,       346,       211,       30
328,      396,       215,       258,       267,       450,       252,       211,       345,       211,       -5
329,      398,       215,       259,       268,       450,       252,       211,       346,       212,       30
329,      397,       215,       258,       269,       451,       253,       211,       345,       211,       25
328,      397,       215,       258,       268,       450,       253,       211,       345,       213,       20
329,      397,       215,       259,       268,       451,       253,       211,       346,       212,       35
329,      397,       215,       258,       268,       450,       252,       211,       345,       211,       10
329,      398,       215,       258,       268,       451,       254,       211,       345,       211,       30
327,      397,       215,       259,       269,       451,       253,       211,       345,       213,       30
328,      396,       216,       259,       268,       451,       253,       210,       346,       213,       30
330,      397,       215,       259,       269,       452,       253,       211,       346,       212,       50
330,      398,       216,       259,       269,       451,       254,       211,       346,       214,       70
328,      397,       215,       259,       268,       451,       253,       211,       345,       215,       40
329,      397,       215,       259,       269,       451,       252,       211,       345,       216,       50
329,      398,       216,       259,       269,       452,       253,       210,       346,       212,       50
328,      398,       215,       259,       269,       452,       253,       211,       345,       215,       55
330,      398,       215,       259,       269,       452,       254,       211,       346,       212,       60
329,      397,       215,       260,       268,       451,       253,       210,       346,       211,       30
329,      398,       215,       260,       268,       452,       253,       210,       347,       214,       60
330,      397,       215,       260,       269,       452,       254,       211,       346,       212,       60
329,      397,       215,       259,       269,       452,       254,       210,       347,       212,       50
329,      398,       215,       259,       269,       451,       253,       211,       346,       212,       45
329,      397,       215,       259,       270,       452,       254,       210,       346,       212,       50
331,      398,       215,       259,       269,       452,       253,       211,       346,       212,       60
329,      397,       215,       259,       269,       452,       253,       211,       346,       215,       60
330,      398,       215,       260,       269,       453,       254,       211,       346,       213,       75
329,      397,       216,       260,       268,       452,       254,       211,       346,       212,       55
329,      397,       215,       260,       268,       453,       252,       211,       346,       212,       45
329,      398,       216,       260,       269,       453,       254,       211,       347,       212,       75
329,      398,       216,       260,       269,       452,       254,       211,       346,       219,       100
329,      398,       215,       260,       269,       452,       253,       211,       346,       226,       125
331,      399,       215,       260,       270,       454,       253,       211,       347,       211,       85
331,      398,       216,       260,       270,       453,       255,       211,       347,       215,       110
329,      397,       215,       260,       269,       453,       253,       211,       346,       212,       55
330,      398,       216,       260,       269,       454,       255,       211,       347,       213,       95
330,      398,       215,       260,       270,       454,       255,       211,       347,       230,       180
332,      398,       215,       260,       270,       453,       254,       211,       346,       212,       85
330,      398,       216,       260,       270,       453,       253,       211,       346,       213,       80
330,      398,       216,       261,       270,       453,       254,       211,       347,       212,       90
330,      398,       215,       260,       269,       453,       254,       211,       346,       215,       85
329,      398,       216,       260,       268,       452,       253,       211,       347,       213,       65
331,      399,       215,       260,       270,       453,       254,       211,       347,       215,       105
329,      398,       216,       260,       270,       453,       254,       211,       347,       212,       80
330,      399,       216,       261,       269,       453,       253,       211,       347,       212,       85
331,      399,       215,       261,       270,       453,       254,       210,       347,       212,       90
330,      399,       216,       260,       269,       453,       255,       211,       348,       213,       100
330,      399,       216,       260,       269,       452,       254,       211,       346,       212,       75
332,      399,       216,       261,       269,       453,       254,       211,       347,       213,       105
331,      399,       216,       261,       270,       453,       254,       211,       347,       212,       100
330,      399,       216,       261,       269,       453,       253,       211,       346,       214,       90
331,      400,       216,       261,       269,       453,       255,       211,       348,       211,       105
330,      398,       216,       261,       270,       454,       254,       211,       347,       213,       100
330,      399,       216,       261,       270,       454,       255,       211,       347,       211,       100
332,      399,       216,       261,       270,       454,       255,       211,       348,       215,       135
330,      400,       216,       261,       270,       453,       254,       211,       346,       215,       110
329,      399,       215,       261,       269,       454,       254,       211,       346,       212,       80
331,      400,       216,       261,       270,       454,       255,       211,       348,       212,       120
330,      399,       216,       261,       270,       455,       254,       211,       348,       212,       110
330,      400,       216,       261,       269,       454,       253,       211,       347,       213,       100
330,      399,       217,       262,       270,       454,       254,       211,       347,       212,       110
331,      399,       216,       261,       270,       455,       254,       211,       348,       212,       115
329,      399,       216,       261,       270,       454,       255,       211,       347,       212,       100
331,      400,       216,       261,       270,       454,       254,       211,       347,       212,       110
332,      400,       215,       262,       270,       454,       255,       211,       348,       219,       160
330,      399,       216,       261,       269,       453,       254,       211,       347,       212,       90
332,      400,       216,       262,       270,       454,       255,       211,       348,       213,       135
330,      400,       216,       261,       271,       455,       255,       211,       347,       213,       125
330,      399,       216,       261,       270,       454,       254,       211,       346,       215,       110
331,      399,       216,       262,       270,       454,       254,       210,       347,       220,       145
330,      400,       216,       262,       270,       455,       255,       211,       347,       212,       120
332,      400,       216,       262,       270,       455,       255,       210,       347,       215,       140
331,      400,       216,       262,       270,       455,       254,       211,       347,       213,       125
330,      400,       216,       262,       270,       455,       255,       210,       347,       215,       130
331,      400,       216,       262,       271,       455,       255,       211,       347,       211,       125
330,      399,       216,       262,       270,       455,       255,       211,       347,       211,       110
331,      400,       216,       262,       271,       456,       255,       211,       348,       212,       140
331,      399,       216,       262,       271,       455,       256,       211,       348,       212,       135
330,      399,       216,       262,       270,       455,       255,       211,       347,       212,       115
331,      401,       216,       262,       271,       456,       256,       211,       348,       212,       150
330,      400,       216,       262,       270,       455,       255,       210,       348,       213,       125
331,      399,       216,       262,       270,       455,       254,       211,       348,       218,       150
331,      400,       216,       262,       270,       455,       255,       211,       347,       211,       120
331,      400,       216,       262,       270,       455,       254,       210,       348,       213,       125
331,      400,       216,       262,       270,       456,       255,       211,       348,       213,       140
332,      401,       216,       263,       271,       456,       255,       211,       349,       212,       160
330,      400,       216,       262,       271,       456,       256,       211,       348,       211,       135
329,      400,       216,       263,       270,       456,       255,       211,       348,       212,       130
332,      400,       217,       262,       271,       456,       256,       211,       348,       214,       165
332,      400,       216,       262,       271,       457,       256,       211,       348,       217,       180
332,      400,       216,       262,       271,       457,       255,       211,       348,       211,       145
330,      399,       216,       263,       271,       456,       255,       210,       348,       212,       130
330,      400,       216,       262,       270,       456,       255,       211,       348,       212,       130
332,      401,       216,       263,       271,       457,       256,       211,       349,       212,       170
331,      400,       216,       263,       271,       456,       255,       211,       348,       218,       175
332,      401,       216,       263,       270,       457,       255,       211,       348,       212,       155
332,      401,       216,       263,       271,       457,       256,       211,       349,       211,       165
331,      400,       217,       263,       270,       456,       256,       211,       349,       216,       175
331,      401,       216,       263,       271,       457,       256,       211,       349,       212,       165
330,      400,       216,       263,       272,       457,       256,       210,       348,       212,       150
330,      400,       216,       263,       270,       456,       255,       211,       348,       212,       135
331,      400,       217,       263,       271,       457,       256,       211,       349,       211,       160
332,      401,       216,       263,       271,       457,       256,       211,       349,       219,       205
330,      400,       216,       263,       270,       457,       256,       210,       348,       212,       140
330,      400,       216,       264,       270,       456,       255,       211,       349,       212,       145
331,      401,       216,       263,       272,       457,       256,       210,       349,       212,       165
331,      401,       216,       263,       271,       456,       256,       211,       349,       211,       155
331,      400,       217,       263,       270,       457,       255,       210,       348,       223,       200
331,      401,       216,       263,       270,       457,       256,       211,       349,       212,       160
331,      401,       217,       263,       270,       456,       255,       211,       348,       212,       150
332,      400,       216,       263,       271,       456,       254,       211,       348,       212,       145
332,      401,       216,       264,       270,       456,       256,       211,       349,       212,       165
332,      401,       216,       263,       270,       458,       256,       211,       349,       228,       250
332,      400,       216,       263,       270,       458,       256,       211,       348,       211,       155
332,      401,       216,       264,       271,       458,       257,       211,       349,       226,       255
332,      401,       216,       264,       272,       458,       256,       211,       349,       213,       190
332,      401,       216,       264,       270,       458,       256,       211,       349,       212,       175
332,      401,       216,       264,       271,       458,       256,       211,       349,       212,       180
332,      401,       217,       264,       272,       458,       257,       211,       350,       212,       200
332,      401,       216,       264,       271,       458,       257,       211,       349,       211,       180
331,      401,       217,       264,       271,       458,       257,       211,       348,       229,       265
332,      401,       216,       264,       271,       458,       256,       211,       349,       212,       180
332,      401,       216,       264,       272,       459,       257,       211,       350,       212,       200
331,      401,       216,       264,       272,       458,       255,       210,       348,       212,       165
332,      401,       216,       264,       272,       458,       258,       211,       350,       214,       210
331,      401,       216,       264,       272,       458,       256,       211,       350,       214,       195
333,      401,       217,       264,       272,       459,       257,       211,       349,       219,       240
332,      402,       217,       264,       272,       459,       257,       211,       349,       215,       220
332,      401,       216,       264,       271,       459,       256,       211,       349,       213,       190
331,      402,       217,       264,       271,       459,       257,       211,       349,       214,       205
333,      402,       217,       265,       272,       460,       257,       211,       350,       213,       230
331,      401,       216,       264,       272,       459,       256,       210,       349,       213,       185
331,      401,       216,       264,       271,       458,       256,       211,       349,       212,       175
332,      401,       217,       264,       272,       459,       257,       211,       350,       220,       245
332,      402,       217,       264,       272,       459,       258,       211,       350,       211,       210
331,      401,       217,       264,       271,       458,       256,       211,       349,       212,       180
331,      402,       216,       264,       271,       458,       257,       211,       349,       216,       205
333,      402,       217,       264,       272,       459,       257,       210,       350,       212,       210
332,      402,       217,       265,       272,       458,       257,       211,       349,       211,       200
332,      401,       217,       265,       272,       458,       257,       211,       350,       214,       215
332,      403,       217,       264,       272,       459,       257,       211,       350,       212,       215
331,      401,       217,       265,       272,       459,       257,       211,       350,       212,       205
332,      402,       217,       265,       272,       459,       257,       211,       349,       212,       210
331,      401,       216,       265,       271,       458,       256,       211,       350,       213,       190
333,      401,       217,       264,       271,       458,       257,       211,       349,       213,       200
333,      402,       217,       265,       272,       459,       257,       211,       350,       212,       220
332,      402,       217,       265,       272,       458,       258,       211,       350,       212,       215
332,      402,       217,       265,       272,       458,       256,       210,       350,       212,       200
330,      402,       217,       265,       271,       458,       257,       211,       350,       213,       200
332,      402,       217,       265,       272,       458,       257,       210,       350,       218,       235
331,      401,       217,       265,       272,       458,       257,       211,       350,       215,       215
332,      401,       217,       265,       270,       458,       256,       211,       349,       212,       185
332,      402,       217,       265,       272,       458,       257,       211,       350,       211,       205
332,      401,       217,       265,       271,       458,       256,       211,       349,       211,       185
332,      401,       217,       265,       271,       458,       256,       211,       349,       212,       190
332,      402,       217,       265,       272,       458,       257,       211,       349,       211,       200
331,      401,       217,       265,       271,       458,       256,       211,       349,       211,       180
332,      402,       217,       265,       270,       457,       256,       211,       349,       213,       190
333,      402,       217,       265,       272,       458,       257,       211,       350,       215,       230
332,      402,       217,       265,       271,       457,       257,       211,       350,       213,       205
331,      401,       217,       266,       271,       457,       256,       211,       349,       212,       185
333,      401,       217,       265,       271,       457,       257,       211,       350,       211,       195
332,      402,       217,       266,       272,       458,       257,       210,       350,       214,       220
332,      401,       217,       266,       271,       457,       256,       211,       350,       212,       195
332,      401,       217,       266,       271,       457,       257,       210,       349,       216,       210
333,      402,       217,       266,       271,       457,       256,       211,       350,       214,       215
331,      401,       217,       265,       271,       457,       257,       210,       349,       225,       245
331,      401,       217,       266,       270,       456,       255,       210,       349,       213,       170
333,      401,       217,       265,       271,       456,       257,       211,       350,       223,       250
331,      401,       217,       265,       270,       456,       256,       211,       348,       211,       160
333,      402,       217,       266,       271,       456,       257,       211,       349,       211,       195
331,      401,       217,       266,       271,       456,       256,       210,       348,       217,       195
331,      401,       217,       266,       271,       456,       256,       211,       348,       211,       170
332,      402,       217,       266,       271,       456,       257,       210,       349,       212,       190
332,      402,       217,       266,       271,       456,       257,       211,       349,       215,       210
331,      402,       217,       266,       270,       455,       255,       211,       349,       212,       170
331,      401,       217,       266,       271,       456,       257,       210,       348,       212,       175
333,      402,       217,       266,       271,       455,       256,       211,       350,       213,       200
331,      401,       217,       266,       271,       455,       256,       211,       349,       211,       170
333,      401,       217,       266,       270,       455,       256,       211,       348,       216,       195
332,      402,       217,       266,       271,       455,       257,       211,       349,       217,       215
331,      401,       217,       267,       271,       455,       255,       210,       349,       213,       175
331,      401,       217,       266,       270,       454,       256,       210,       348,       216,       175
332,      402,       217,       266,       271,       455,       256,       210,       349,       213,       185
332,      401,       217,       266,       270,       454,       256,       211,       348,       211,       160
332,      403,       217,       266,       270,       455,       256,       211,       349,       212,       185
331,      402,       217,       266,       269,       454,       255,       211,       348,       212,       155
332,      401,       217,       266,       270,       454,       255,       211,       348,       213,       165
332,      401,       217,       266,       270,       455,       256,       211,       349,       212,       175
332,      402,       217,       266,       270,       454,       256,       211,       348,       212,       170
330,      400,       217,       267,       270,       454,       255,       211,       349,       213,       160
332,      401,       217,       266,       269,       454,       256,       210,       348,       212,       155
332,      402,       217,       266,       270,       455,       256,       211,       349,       212,       180
332,      401,       217,       266,       270,       455,       256,       211,       348,       219,       205
331,      401,       218,       266,       270,       454,       256,       211,       349,       211,       165
332,      401,       218,       267,       270,       454,       256,       211,       349,       212,       180
330,      401,       217,       267,       270,       454,       255,       211,       348,       223,       210
333,      401,       217,       266,       270,       454,       256,       211,       349,       217,       200
331,      401,       217,       267,       270,       454,       255,       211,       348,       213,       165
331,      401,       217,       267,       270,       454,       255,       211,       348,       211,       155
332,      401,       217,       266,       269,       454,       256,       211,       348,       212,       160
331,      400,       217,       266,       269,       453,       256,       211,       348,       211,       140
331,      401,       217,       267,       269,       453,       255,       210,       348,       213,       150
331,      401,       217,       267,       270,       454,       255,       211,       348,       213,       165
332,      402,       217,       268,       270,       455,       257,       210,       349,       217,       215
333,      401,       217,       267,       271,       455,       256,       211,       349,       213,       195
331,      401,       217,       266,       270,       453,       256,       211,       349,       214,       170
332,      401,       217,       267,       269,       453,       256,       211,       349,       212,       165
332,      402,       217,       267,       270,       454,       256,       210,       348,       216,       190
332,      401,       217,       266,       269,       454,       256,       211,       349,       211,       160
331,      400,       217,       267,       270,       453,       255,       210,       348,       223,       200
331,      401,       217,       267,       270,       454,       256,       211,       349,       212,       170
331,      401,       217,       266,       269,       453,       256,       211,       348,       219,       185
332,      400,       217,       267,       270,       454,       256,       210,       348,       212,       160
331,      401,       217,       267,       270,       454,       256,       211,       348,       213,       170
331,      400,       217,       267,       270,       454,       256,       211,       348,       211,       155
331,      401,       217,       267,       271,       454,       257,       211,       348,       214,       185
332,      401,       217,       267,       270,       454,       256,       211,       349,       213,       180
330,      399,       217,       267,       270,       454,       256,       211,       348,       211,       145
332,      401,       218,       267,       270,       453,       255,       210,       349,       224,       225
332,      401,       218,       267,       270,       454,       256,       211,       349,       213,       185
331,      400,       217,       267,       270,       455,       256,       210,       349,       216,       185
331,      401,       217,       267,       269,       453,       255,       210,       348,       219,       180
331,      400,       217,       267,       270,       453,       256,       211,       348,       212,       155
332,      401,       217,       268,       270,       454,       256,       211,       349,       212,       180
331,      400,       217,       268,       270,       454,       255,       210,       348,       214,       165
331,      401,       217,       267,       269,       453,       255,       211,       348,       212,       150
330,      400,       217,       268,       269,       453,       256,       211,       348,       212,       150
330,      400,       218,       268,       270,       453,       255,       210,       348,       215,       165
332,      401,       218,       268,       271,       453,       256,       211,       348,       219,       215
330,      400,       217,       267,       270,       453,       256,       210,       347,       212,       140
330,      401,       218,       267,       269,       453,       256,       211,       348,       221,       200
332,      401,       217,       268,       271,       454,       256,       211,       349,       217,       210
331,      400,       217,       268,       270,       454,       257,       211,       348,       211,       165
331,      400,       217,       268,       269,       453,       255,       211,       348,       221,       195
331,      401,       218,       267,       270,       454,       257,       211,       348,       215,       190
331,      401,       217,       268,       270,       453,       256,       210,       348,       216,       180
330,      401,       218,       268,       269,       453,       255,       211,       348,       212,       155
331,      401,       217,       268,       269,       453,       255,       211,       348,       212,       155
331,      400,       218,       268,       269,       453,       256,       211,       348,       213,       165
331,      401,       218,       267,       269,       452,       256,       211,       348,       213,       160
330,      400,       218,       268,       270,       452,       256,       210,       348,       212,       150
330,      400,       217,       268,       269,       453,       257,       211,       348,       212,       155
331,      400,       218,       268,       269,       452,       255,       210,       349,       212,       150
330,      401,       218,       268,       269,       452,       255,       211,       348,       213,       155
330,      399,       217,       268,       270,       453,       256,       211,       348,       216,       170
