0,        1,         2,         3,         4,         5,         6,         7,         8,         9,         "T"
378,10,-58,118,
305,      319,       291,       268,       242,       209,       225,       276,       281,       230,       0
305,      318,       291,       267,       241,       209,       223,       274,       280,       242,       0
306,      318,       292,       269,       241,       209,       223,       275,       280,       255,       0
305,      318,       291,       268,       241,       210,       223,       274,       279,       248,       0
306,      318,       292,       268,       241,       209,       223,       274,       281,       249,       0
306,      318,       292,       268,       241,       209,       223,       275,       281,       229,       0
305,      318,       292,       268,       241,       209,       223,       274,       281,       244,       0
305,      318,       292,       269,       241,       209,       223,       275,       281,       229,       0
306,      317,       292,       269,       241,       209,       223,       274,       281,       249,       0
306,      318,       291,       268,       241,       210,       224,       275,       281,       237,       0
305,      318,       292,       268,       241,       209,       223,       274,       281,       232,       0
305,      318,       291,       268,       241,       209,       223,       273,       280,       250,       0
304,      319,       292,       269,       241,       209,       223,       275,       281,       237,       0
305,      318,       292,       269,       241,       209,       224,       274,       281,       232,       0
306,      318,       292,       268,       240,       209,       222,       274,       281,       250,       0
306,      318,       291,       268,       241,       209,       223,       274,       282,       258,       0
305,      318,       291,       268,       241,       209,       223,       274,       280,       234,       0
305,      318,       292,       268,       240,       209,       223,       273,       281,       234,       0
305,      318,       292,       269,       241,       209,       223,       274,       281,       258,       0
305,      318,       292,       269,       241,       209,       223,       274,       281,       234,       0
305,      318,       292,       268,       240,       209,       223,       273,       280,       238,       0
306,      318,       292,       268,       240,       209,       223,       274,       281,       256,       0
305,      319,       292,       268,       240,       209,       223,       275,       281,       234,       -35
305,      318,       292,       268,       241,       209,       223,       273,       280,       238,       -30
305,      318,       292,       268,       241,       209,       222,       273,       281,       250,       30
305,      319,       292,       269,       241,       209,       223,       274,       280,       234,       -35
305,      318,       292,       269,       241,       209,       223,       274,       280,       238,       -20
305,      318,       292,       268,       241,       209,       223,       274,       281,       250,       40
306,      318,       292,       268,       240,       209,       223,       273,       279,       249,       20
306,      318,       292,       269,       241,       209,       224,       274,       280,       245,       25
306,      318,       292,       268,       241,       209,       223,       274,       281,       228,       -65
306,      318,       292,       268,       241,       210,       223,       274,       281,       246,       30
306,      318,       291,       269,       241,       209,       223,       274,       280,       245,       15
306,      318,       292,       269,       242,       209,       224,       274,       281,       228,       -50
306,      319,       292,       268,       241,       209,       223,       273,       281,       253,       60
306,      319,       292,       268,       241,       209,       223,       274,       280,       242,       5
306,      318,       293,       269,       242,       209,       224,       275,       281,       240,       20
306,      318,       292,       268,       241,       209,       223,       274,       280,       255,       65
306,      319,       293,       269,       241,       209,       223,       274,       281,       249,       55
306,      320,       293,       269,       241,       209,       224,       275,       281,       241,       30
307,      318,       292,       268,       241,       209,       224,       275,       281,       230,       -40
307,      319,       293,       269,       241,       209,       224,       274,       281,       249,       65
307,      320,       293,       269,       241,       209,       224,       275,       281,       239,       25
307,      318,       293,       269,       242,       209,       225,       275,       281,       236,       10
307,      319,       293,       269,       241,       209,       224,       275,       281,       260,       125
308,      320,       293,       269,       242,       209,       225,       276,       282,       236,       35
307,      320,       293,       269,       242,       209,       224,       276,       281,       237,       25
307,      320,       293,       268,       241,       209,       224,       276,       281,       251,       85
309,      320,       293,       269,       243,       209,       226,       277,       282,       235,       50
310,      320,       294,       269,       243,       209,       226,       276,       282,       235,       55
310,      321,       293,       269,       242,       209,       225,       276,       282,       253,       135
309,      321,       293,       269,       243,       209,       226,       276,       282,       252,       135
309,      321,       293,       269,       243,       209,       225,       276,       282,       233,       35
308,      321,       293,       270,       243,       209,       225,       277,       282,       246,       105
309,      321,       293,       270,       243,       209,       226,       277,       282,       251,       140
308,      321,       294,       270,       243,       209,       226,       278,       283,       234,       65
309,      321,       294,       269,       243,       209,       226,       277,       283,       240,       90
310,      321,       293,       270,       243,       209,       226,       277,       283,       250,       145
310,      322,       294,       270,       245,       209,       227,       278,       283,       233,       90
310,      321,       294,       270,       244,       209,       226,       278,       283,       233,       75
310,      321,       294,       270,       244,       209,       226,       278,       283,       249,       155
310,      322,       294,       270,       244,       209,       228,       280,       284,       230,       90
309,      322,       295,       270,       243,       209,       227,       278,       284,       248,       160
311,      323,       294,       270,       244,       209,       227,       279,       284,       243,       155
311,      322,       294,       270,       244,       209,       226,       279,       284,       229,       75
311,      322,       294,       270,       244,       209,       226,       278,       283,       250,       170
310,      322,       295,       271,       243,       209,       226,       278,       282,       244,       135
311,      322,       295,       271,       244,       209,       228,       280,       284,       233,       120
311,      322,       295,       270,       244,       209,       227,       279,       284,       232,       100
311,      323,       295,       271,       245,       209,       227,       280,       284,       239,       155
312,      323,       295,       271,       244,       209,       227,       280,       284,       239,       155
311,      323,       296,       270,       244,       209,       226,       279,       283,       233,       105
312,      323,       296,       271,       243,       209,       227,       279,       284,       252,       215
312,      324,       296,       271,       244,       209,       228,       280,       285,       239,       175
311,      323,       296,       272,       244,       209,       228,       280,       284,       234,       140
312,      323,       296,       271,       243,       209,       227,       279,       284,       257,       240
312,      323,       296,       272,       244,       209,       228,       280,       284,       238,       165
312,      323,       296,       271,       243,       209,       227,       279,       282,       235,       120
311,      324,       296,       272,       244,       209,       227,       279,       284,       242,       175
312,      324,       297,       272,       244,       209,       228,       280,       285,       236,       170
312,      323,       295,       272,       244,       209,       227,       280,       284,       240,       165
313,      324,       297,       271,       243,       209,       228,       280,       284,       238,       170
313,      324,       297,       273,       245,       209,       229,       281,       284,       236,       190
313,      324,       297,       272,       244,       208,       227,       280,       283,       236,       155
312,      324,       298,       272,       243,       209,       227,       279,       282,       244,       185
314,      324,       297,       272,       244,       209,       229,       280,       284,       253,       265
313,      325,       298,       273,       245,       209,       229,       281,       285,       233,       190
313,      325,       297,       273,       245,       209,       227,       279,       285,       241,       205
314,      325,       298,       272,       244,       209,       228,       280,       285,       250,       260
314,      325,       298,       273,       245,       209,       228,       281,       285,       251,       280
313,      325,       298,       273,       244,       209,       229,       280,       284,       246,       240
313,      324,       298,       273,       244,       209,       228,       280,       284,       245,       225
313,      325,       298,       273,       244,       209,       229,       281,       284,       249,       260
313,      325,       298,       273,       245,       209,       229,       281,       284,       230,       170
314,      325,       298,       273,       244,       209,       228,       280,       284,       256,       290
314,      325,       298,       273,       244,       209,       229,       281,       285,       246,       255
314,      326,       299,       273,       245,       209,       229,       281,       284,       248,       275
314,      325,       299,       273,       244,       209,       228,       280,       284,       253,       280
314,      325,       299,       273,       244,       209,       229,       280,       283,       248,       255
315,      326,       299,       274,       245,       209,       228,       282,       285,       245,       275
314,      325,       299,       273,       244,       209,       229,       282,       285,       234,       205
314,      325,       299,       274,       244,       209,       228,       281,       284,       253,       290
315,      326,       299,       273,       244,       209,       229,       282,       285,       246,       275
314,      326,       300,       273,       244,       209,       229,       282,       285,       233,       210
314,      326,       300,       274,       244,       209,       229,       281,       284,       251,       295
315,      326,       300,       274,       244,       209,       230,       282,       286,       244,       285
315,      327,       300,       274,       245,       209,       229,       282,       285,       246,       295
315,      326,       300,       274,       244,       209,       229,       281,       285,       253,       315
315,      326,       300,       274,       244,       209,       229,       281,       284,       252,       305
315,      327,       301,       275,       245,       209,       230,       282,       285,       240,       280
315,      326,       301,       274,       245,       209,       230,       283,       286,       233,       245
314,      327,       300,       275,       245,       209,       229,       282,       285,       254,       335
316,      327,       301,       275,       245,       209,       230,       282,       285,       241,       290
316,      326,       301,       276,       245,       209,       230,       282,       285,       248,       325
315,      327,       301,       275,       243,       209,       230,       282,       285,       252,       330
315,      326,       301,       275,       245,       209,       230,       281,       284,       250,       315
316,      327,       302,       275,       245,       209,       230,       283,       285,       240,       295
315,      326,       301,       275,       244,       209,       230,       282,       285,       233,       235
315,      327,       302,       275,       244,       209,       229,       282,       285,       256,       355
316,      327,       302,       276,       244,       210,       230,       281,       285,       253,       355
316,      327,       302,       275,       245,       209,       229,       282,       285,       233,       250
315,      327,       302,       276,       244,       209,       229,       282,       285,       244,       300
316,      327,       302,       276,       245,       209,       230,       282,       285,       251,       350
315,      327,       302,       276,       245,       209,       230,       282,       286,       235,       270
315,      327,       302,       276,       244,       209,       229,       281,       285,       242,       285
316,      327,       302,       275,       243,       209,       229,       282,       285,       253,       340
316,      327,       302,       277,       245,       209,       230,       283,       285,       233,       270
316,      327,       303,       275,       243,       209,       230,       282,       285,       233,       250
316,      327,       303,       277,       244,       209,       229,       281,       284,       251,       340
316,      327,       303,       277,       245,       210,       230,       282,       285,       254,       380
316,      328,       303,       276,       244,       209,       230,       282,       285,       248,       340
316,      327,       303,       276,       245,       209,       230,       282,       286,       242,       315
316,      327,       303,       277,       245,       209,       231,       283,       286,       258,       410
316,      328,       303,       277,       245,       209,       230,       283,       286,       236,       300
315,      328,       303,       277,       244,       209,       230,       282,       286,       241,       310
316,      327,       303,       277,       245,       209,       230,       283,       287,       254,       390
316,      327,       304,       277,       245,       209,       230,       283,       285,       235,       290
315,      327,       303,       277,       243,       209,       230,       282,       285,       242,       300
316,      327,       304,       277,       244,       209,       230,       282,       285,       254,       375
316,      328,       304,       277,       244,       209,       230,       283,       285,       234,       285
315,      327,       304,       278,       244,       209,       230,       282,       284,       238,       290
316,      328,       304,       278,       244,       209,       230,       282,       285,       253,       380
316,      327,       304,       277,       245,       209,       231,       283,       286,       236,       305
315,      327,       304,       277,       244,       209,       230,       282,       285,       241,       305
315,      327,       305,       277,       244,       209,       230,       282,       285,       239,       300
316,      327,       305,       278,       244,       209,       230,       282,       285,       235,       290
316,      328,       304,       278,       244,       209,       230,       283,       286,       235,       300
316,      327,       305,       278,       244,       209,       230,       281,       284,       241,       310
316,      328,       305,       278,       243,       209,       230,       281,       285,       261,       415
316,      327,       304,       278,       244,       209,       230,       282,       285,       233,       275
315,      327,       305,       278,       244,       209,       229,       281,       285,       239,       295
315,      326,       305,       278,       244,       209,       230,       281,       285,       239,       295
316,      328,       305,       279,       244,       209,       230,       282,       286,       238,       320
316,      327,       305,       279,       244,       209,       230,       281,       286,       237,       305
316,      327,       305,       278,       243,       209,       230,       281,       284,       247,       335
317,      328,       305,       279,       244,       209,       230,       281,       285,       258,       415
317,      327,       306,       279,       244,       209,       229,       281,       285,       237,       305
316,      327,       306,       279,       244,       209,       230,       282,       285,       239,       320
316,      327,       306,       279,       243,       209,       229,       281,       285,       254,       380
317,      327,       306,       278,       243,       209,       230,       282,       285,       237,       305
316,      328,       306,       278,       244,       209,       230,       281,       285,       236,       300
316,      327,       306,       279,       243,       209,       229,       281,       285,       259,       405
316,      327,       306,       280,       244,       209,       230,       282,       285,       237,       315
316,      327,       306,       279,       244,       209,       230,       282,       285,       237,       310
316,      327,       306,       279,       243,       209,       229,       281,       284,       254,       375
315,      327,       306,       279,       243,       209,       230,       282,       285,       254,       385
317,      327,       306,       280,       244,       209,       230,       282,       285,       239,       330
316,      327,       307,       280,       242,       209,       230,       281,       285,       236,       300
316,      327,       307,       280,       243,       209,       230,       282,       285,       254,       400
316,      328,       307,       280,       244,       209,       230,       281,       284,       238,       320
315,      327,       306,       279,       243,       209,       230,       282,       285,       237,       300
316,      327,       307,       279,       244,       210,       231,       282,       285,       254,       410
316,      328,       307,       280,       244,       209,       230,       282,       285,       236,       320
316,      327,       307,       280,       243,       209,       230,       282,       285,       243,       345
316,      327,       307,       280,       243,       209,       230,       282,       285,       254,       400
317,      328,       306,       281,       244,       209,       231,       282,       285,       236,       330
317,      328,       307,       280,       244,       209,       230,       282,       285,       237,       330
316,      327,       307,       279,       244,       209,       230,       282,       285,       259,       425
316,      327,       307,       281,       244,       209,       230,       282,       285,       255,       415
316,      328,       307,       281,       244,       209,       230,       282,       285,       236,       325
317,      327,       307,       280,       243,       209,       231,       282,       285,       239,       335
316,      327,       308,       281,       244,       209,       231,       283,       285,       254,       425
317,      328,       307,       280,       244,       209,       231,       283,       285,       237,       340
316,      328,       307,       280,       243,       209,       230,       282,       285,       238,       325
316,      327,       308,       280,       243,       209,       230,       282,       285,       255,       410
317,      327,       308,       281,       244,       209,       230,       282,       286,       237,       340
316,      327,       308,       281,       243,       209,       231,       282,       285,       237,       330
317,      327,       308,       281,       243,       209,       230,       282,       285,       255,       420
318,      328,       308,       281,       244,       209,       231,       283,       286,       237,       360
317,      328,       309,       281,       244,       209,       231,       282,       285,       238,       355
316,      329,       308,       281,       243,       209,       230,       282,       285,       253,       415
317,      327,       309,       281,       243,       209,       231,       282,       285,       261,       460
316,      328,       309,       282,       244,       209,       231,       282,       285,       236,       345
316,      328,       309,       281,       243,       209,       231,       282,       285,       238,       345
317,      327,       309,       283,       244,       209,       231,       282,       285,       254,       440
317,      328,       309,       282,       244,       209,       231,       283,       286,       237,       365
316,      328,       309,       282,       244,       209,       231,       282,       285,       237,       350
316,      327,       309,       281,       243,       209,       230,       282,       285,       264,       465
317,      328,       309,       282,       244,       210,       231,       283,       286,       237,       370
318,      328,       309,       282,       244,       209,       231,       283,       286,       238,       375
316,      327,       309,       282,       244,       209,       231,       282,       285,       259,       455
316,      327,       309,       282,       244,       209,       230,       282,       286,       256,       440
317,      328,       309,       283,       244,       209,       231,       283,       286,       239,       380
317,      328,       310,       282,       244,       209,       231,       283,       285,       238,       370
316,      327,       310,       283,       244,       209,       231,       282,       285,       253,       435
317,      328,       310,       283,       244,       209,       231,       284,       286,       236,       375
315,      327,       310,       282,       244,       209,       231,       283,       286,       236,       350
317,      328,       310,       283,       244,       209,       231,       284,       286,       236,       375
318,      328,       310,       283,       244,       209,       231,       284,       287,       240,       405
317,      328,       310,       282,       244,       209,       231,       283,       286,       243,       400
316,      328,       310,       283,       244,       209,       231,       283,       286,       256,       465
318,      328,       310,       283,       244,       209,       232,       284,       287,       243,       425
316,      327,       311,       283,       244,       209,       232,       283,       287,       234,       365
317,      327,       311,       283,       244,       209,       231,       283,       285,       256,       465
317,      327,       311,       283,       244,       209,       232,       284,       286,       243,       415
316,      328,       311,       283,       245,       209,       232,       284,       286,       234,       375
317,      328,       311,       283,       244,       209,       231,       283,       286,       241,       400
317,      328,       311,       283,       244,       209,       231,       284,       286,       247,       435
318,      328,       311,       284,       244,       209,       232,       284,       287,       245,       445
316,      328,       312,       283,       244,       209,       231,       283,       286,       233,       360
317,      327,       311,       284,       245,       210,       231,       283,       286,       251,       460
317,      328,       311,       284,       244,       209,       232,       284,       286,       247,       445
317,      328,       312,       284,       244,       209,       232,       284,       287,       230,       370
317,      328,       312,       284,       244,       209,       231,       283,       286,       249,       450
318,      328,       312,       284,       244,       209,       231,       283,       286,       250,       460
316,      327,       312,       284,       245,       209,       232,       284,       287,       231,       370
317,      327,       312,       284,       244,       209,       231,       283,       286,       251,       455
317,      328,       311,       283,       244,       209,       232,       284,       286,       252,       465
316,      328,       312,       284,       245,       209,       231,       284,       287,       231,       370
318,      328,       312,       285,       244,       209,       231,       283,       286,       232,       375
316,      328,       312,       284,       244,       209,       232,       284,       286,       255,       485
317,      328,       312,       285,       245,       209,       232,       284,       286,       258,       515
317,      328,       313,       285,       244,       209,       232,       284,       287,       231,       385
316,      327,       312,       284,       244,       209,       232,       284,       286,       245,       430
317,      328,       312,       285,       245,       209,       232,       284,       286,       252,       485
317,      328,       312,       285,       245,       209,       233,       285,       287,       233,       405
317,      328,       313,       285,       245,       209,       232,       284,       287,       244,       455
317,      328,       313,       285,       245,       209,       232,       284,       287,       260,       535
318,      328,       313,       286,       245,       209,       233,       285,       287,       239,       450
318,      328,       313,       285,       245,       209,       233,       284,       287,       236,       425
317,      327,       313,       285,       245,       209,       232,       284,       287,       255,       505
317,      328,       313,       286,       246,       210,       231,       284,       287,       254,       515
318,      329,       313,       286,       245,       209,       232,       285,       288,       239,       455
317,      328,       313,       285,       245,       209,       232,       284,       287,       236,       415
318,      329,       314,       286,       244,       209,       232,       284,       287,       252,       510
318,      329,       313,       285,       245,       209,       233,       285,       287,       242,       465
318,      329,       314,       286,       245,       209,       232,       286,       288,       240,       470
318,      328,       314,       286,       245,       209,       232,       285,       287,       252,       515
317,      328,       314,       286,       245,       209,       233,       284,       286,       252,       505
319,      329,       314,       286,       245,       209,       233,       285,       288,       240,       475
318,      328,       314,       286,       244,       209,       233,       285,       287,       234,       425
317,      329,       314,       287,       245,       209,       233,       285,       287,       263,       580
319,      329,       314,       287,       245,       209,       233,       285,       288,       244,       500
318,      328,       315,       286,       245,       209,       233,       284,       287,       242,       470
318,      329,       315,       286,       245,       210,       232,       285,       287,       259,       565
318,      329,       315,       287,       245,       209,       234,       285,       288,       236,       465
318,      330,       315,       287,       245,       209,       233,       285,       287,       237,       465
317,      328,       315,       287,       245,       209,       233,       285,       288,       255,       545
318,      329,       315,       287,       245,       209,       233,       286,       288,       235,       460
317,      329,       315,       287,       245,       209,       234,       285,       288,       237,       465
317,      329,       315,       287,       244,       209,       233,       286,       288,       235,       450
318,      329,       316,       288,       245,       209,       233,       286,       288,       255,       570
318,      330,       315,       287,       246,       209,       234,       287,       288,       239,       500
317,      329,       315,       287,       245,       209,       233,       286,       287,       235,       450
317,      329,       316,       287,       245,       209,       233,       285,       288,       253,       545
318,      329,       315,       287,       246,       209,       234,       286,       288,       239,       490
318,      329,       316,       288,       245,       209,       233,       286,       288,       235,       470
318,      329,       316,       287,       245,       209,       233,       285,       288,       266,       615
318,      329,       316,       288,       246,       209,       233,       286,       288,       254,       570
319,      329,       317,       288,       246,       209,       233,       286,       288,       237,       495
318,      329,       316,       288,       245,       209,       233,       286,       288,       235,       470
318,      329,       316,       288,       246,       209,       234,       287,       288,       256,       590
319,      330,       316,       288,       246,       209,       234,       287,       288,       238,       510
318,      329,       317,       288,       245,       209,       234,       286,       288,       239,       500
318,      330,       317,       288,       246,       209,       233,       286,       288,       255,       585
319,      329,       317,       289,       246,       209,       234,       287,       289,       239,       525
319,      330,       317,       288,       246,       209,       234,       286,       288,       235,       495
319,      329,       317,       289,       246,       209,       233,       286,       288,       254,       585
319,      330,       317,       289,       246,       209,       233,       287,       289,       235,       505
319,      330,       316,       288,       246,       209,       234,       286,       288,       234,       485
320,      329,       317,       288,       246,       210,       234,       287,       288,       252,       590
319,      330,       317,       289,       246,       209,       234,       286,       288,       254,       595
319,      330,       318,       289,       246,       209,       234,       287,       288,       234,       505
318,      330,       318,       289,       246,       209,       234,       286,       288,       247,       560
319,      330,       318,       289,       246,       209,       235,       287,       288,       256,       620
321,      331,       318,       289,       246,       209,       235,       288,       289,       238,       555
320,      330,       318,       289,       246,       209,       234,       287,       288,       243,       555
320,      330,       318,       289,       246,       209,       233,       287,       289,       255,       615
319,      330,       318,       290,       247,       209,       235,       287,       289,       235,       530
319,      331,       318,       290,       247,       209,       234,       287,       289,       240,       555
320,      330,       318,       290,       246,       209,       234,       287,       289,       254,       620
320,      331,       318,       290,       247,       209,       235,       288,       288,       253,       630
320,      331,       318,       289,       247,       209,       234,       287,       289,       245,       580
319,      330,       319,       290,       246,       209,       234,       287,       289,       244,       570
320,      331,       319,       290,       246,       209,       234,       288,       289,       253,       630
321,      331,       319,       290,       245,       209,       234,       288,       289,       251,       620
320,      331,       319,       291,       246,       209,       234,       288,       289,       232,       530
319,      330,       320,       290,       246,       209,       234,       286,       288,       251,       600
320,      330,       319,       291,       246,       210,       234,       287,       289,       245,       590
320,      331,       319,       291,       247,       210,       235,       288,       289,       245,       610
319,      330,       320,       290,       246,       208,       234,       288,       290,       232,       520
320,      330,       320,       290,       246,       209,       234,       287,       289,       251,       615
319,      330,       320,       291,       246,       209,       235,       288,       289,       246,       600
320,      330,       320,       291,       246,       209,       235,       288,       289,       234,       545
319,      330,       320,       290,       246,       209,       234,       287,       289,       233,       520
320,      330,       320,       291,       246,       210,       235,       288,       289,       243,       595
320,      331,       320,       291,       246,       209,       234,       288,       290,       244,       600
319,      330,       320,       291,       246,       209,       234,       287,       289,       233,       525
319,      330,       320,       291,       246,       209,       234,       287,       289,       262,       670
320,      331,       320,       291,       246,       209,       234,       288,       289,       243,       590
319,      330,       320,       292,       246,       209,       235,       288,       289,       234,       545
320,      330,       320,       291,       246,       209,       234,       287,       289,       255,       640
321,      331,       320,       291,       246,       209,       235,       288,       290,       241,       595
319,      330,       321,       292,       246,       209,       235,       287,       290,       240,       580
320,      330,       321,       291,       246,       209,       234,       287,       288,       236,       545
320,      330,       321,       292,       246,       209,       234,       288,       290,       245,       610
320,      331,       321,       292,       246,       209,       235,       288,       289,       238,       580
320,      331,       321,       292,       246,       209,       235,       288,       290,       236,       575
320,      331,       321,       292,       246,       210,       235,       287,       289,       256,       670
321,      331,       321,       292,       247,       209,       235,       289,       290,       239,       605
320,      330,       321,       292,       247,       209,       235,       288,       289,       241,       595
320,      331,       321,       292,       246,       209,       234,       288,       290,       246,       620
321,      331,       321,       292,       247,       209,       235,       289,       290,       235,       585
321,      330,       321,       292,       247,       209,       235,       289,       290,       235,       580
320,      331,       322,       292,       246,       209,       235,       288,       290,       245,       625
321,      331,       322,       293,       246,       209,       235,       288,       290,       252,       670
321,      331,       321,       292,       247,       210,       235,       289,       289,       233,       575
320,      330,       322,       293,       246,       209,       235,       288,       289,       247,       630
321,      331,       322,       293,       246,       209,       234,       288,       289,       251,       655
321,      331,       322,       293,       246,       208,       236,       289,       290,       232,       575
321,      331,       322,       292,       247,       209,       235,       288,       289,       248,       645
320,      331,       322,       293,       246,       209,       235,       288,       289,       247,       635
321,      332,       322,       294,       247,       209,       235,       289,       290,       231,       585
321,      331,       322,       293,       246,       209,       235,       289,       290,       234,       585
320,      331,       322,       293,       247,       209,       235,       288,       289,       248,       645
321,      332,       323,       294,       246,       209,       235,       289,       290,       252,       690
321,      331,       323,       294,       247,       209,       235,       289,       290,       231,       585
320,      331,       323,       294,       246,       209,       235,       288,       290,       254,       685
321,      331,       323,       293,       246,       209,       235,       288,       290,       252,       675
321,      332,       323,       294,       247,       209,       235,       289,       290,       232,       595
320,      331,       323,       294,       246,       209,       235,       289,       290,       234,       590
321,      331,       323,       294,       246,       209,       235,       289,       289,       252,       680
321,      332,       323,       294,       247,       209,       235,       289,       290,       246,       665
320,      331,       323,       294,       246,       209,       236,       289,       291,       233,       595
321,      332,       323,       294,       246,       209,       235,       288,       290,       253,       690
321,      331,       323,       294,       247,       209,       236,       289,       290,       242,       645
321,      331,       324,       294,       247,       209,       235,       289,       291,       234,       610
320,      331,       323,       293,       246,       209,       235,       289,       290,       260,       715
321,      331,       323,       294,       247,       209,       235,       289,       291,       254,       705
322,      332,       324,       294,       247,       209,       235,       290,       290,       234,       620
320,      330,       323,       294,       247,       209,       236,       289,       290,       235,       600
320,      331,       324,       295,       247,       209,       236,       290,       290,       259,       740
321,      331,       324,       295,       247,       209,       236,       290,       291,       238,       645
321,      331,       324,       294,       246,       209,       236,       290,       291,       237,       630
321,      331,       324,       295,       247,       209,       236,       290,       291,       266,       785
322,      331,       324,       295,       247,       209,       236,       290,       291,       238,       650
321,      331,       324,       295,       247,       209,       236,       290,       290,       241,       655
321,      331,       324,       295,       247,       209,       235,       289,       291,       255,       720
322,      332,       324,       295,       247,       210,       237,       291,       291,       236,       660
321,      332,       324,       295,       247,       209,       236,       290,       291,       236,       640
322,      331,       325,       295,       246,       209,       235,       289,       291,       255,       725
321,      332,       325,       296,       247,       209,       236,       289,       290,       255,       735
322,      332,       325,       295,       247,       209,       236,       290,       291,       239,       665
321,      331,       325,       295,       247,       209,       236,       290,       291,       239,       655
321,      332,       325,       296,       247,       209,       235,       289,       290,       254,       725
322,      332,       325,       296,       247,       209,       235,       290,       291,       236,       650
321,      331,       325,       296,       246,       209,       236,       289,       290,       248,       690
321,      332,       325,       296,       246,       209,       235,       289,       291,       255,       730
321,      332,       325,       296,       247,       209,       236,       290,       291,       234,       640
321,      332,       322,       296,       248,       209,       236,       289,       290,       245,       675
321,      331,       323,       296,       247,       209,       236,       289,       290,       254,       715
322,      332,       323,       297,       247,       209,       236,       290,       291,       235,       645
322,      332,       323,       296,       247,       209,       236,       290,       291,       235,       640
321,      332,       323,       296,       247,       209,       236,       290,       291,       253,       725
322,      333,       323,       297,       248,       209,       236,       290,       291,       254,       750
322,      332,       324,       296,       247,       209,       236,       289,       291,       234,       635
